2.132990
2.197689
2.231131
2.284072
2.262322
2.195980
2.237127
2.285754
2.263314
2.242642
2.227778
2.323157
2.266975
2.325606
2.238648
2.203762
2.384033
2.178661
2.217487
2.239922
2.242317
2.216476
2.092241
2.219107
2.215102
2.244549
2.214878
2.264426
2.286326
2.259726
2.152432
2.217946
2.372220
2.268474
2.261416
2.288896
2.325815
2.325704
2.290554
2.256495
2.307020
2.246105
2.304515
2.377162
2.305184
2.260793
2.245988
2.212656
2.198887
2.368102
2.303365
2.269360
2.321512
2.349321
2.375888
2.261644
2.259010
2.258205
2.240506
2.268423
2.304536
2.306806
2.259315
2.302972
2.219077
2.197105
2.198307
2.239938
2.326084
2.333558
2.259724
2.302975
2.355519
2.411655
2.428934
2.333229
2.285914
2.242854
2.282783
2.410701
2.437241
2.349772
2.331120
2.240003
2.239930
2.198158
2.197867
2.264695
2.263513
2.261023
2.221239
2.278151
2.256270
2.241042
2.281931
2.263981
2.388459
2.368093
2.356067
2.304438
2.196880
2.205546
2.213365
2.220272
2.282209
2.282009
2.222518
2.236567
2.282937
2.282919
2.304286
2.309157
2.390040
2.368861
2.349557
2.410866
2.228147
2.214990
2.238017
2.219155
2.241162
2.225864
2.263562
2.283783
2.307772
2.282795
2.281756
2.351298
2.348370
2.306212
2.348004
2.325916
2.241709
2.282969
2.282428
2.250623
2.215510
2.241320
2.238985
2.260267
2.240222
2.195937
2.218795
2.367895
2.345443
2.284808
2.322202
2.308494
2.285261
2.280234
2.246075
2.239013
2.239405
2.241987
2.260079
2.241917
2.236649
2.195510
2.247547
2.325782
2.328824
2.308003
2.283054
2.285238
2.236713
2.293124
2.219398
2.195131
2.244756
2.257331
2.284041
2.224342
2.217263
2.178896
2.196847
2.325753
2.443527
2.326810
2.262495
2.264504
2.238654
2.202886
2.282814
2.240931
2.240975
2.197400
2.240827
2.237899
2.261754
2.252309
2.196887
2.285462
2.391811
2.261325
2.308250
2.303427
2.246099
2.266228
2.281835
2.241856
2.198968
2.248865
2.238863
2.261599
2.264245
2.214439
2.213413
2.334774
2.325819
2.263319
2.304339
2.306698
2.262881
2.285075
2.269339
2.222682
2.235106
2.240668
2.241196
2.217435
2.198452
2.175701
2.312263
2.389134
2.305086
2.263291
2.283463
2.285880
2.261182
2.240789
2.217182
2.260405
2.247039
2.242869
2.234777
2.186307
2.198871
2.282255
2.352111
2.260324
2.221884
2.239192
2.261340
2.263919
2.304243
2.222308
2.239862
2.239651
2.241897
2.261363
2.209266
2.219114
2.326097
2.332935
2.301493
2.217476
2.247726
2.280179
2.266165
2.240691
2.219517
2.243757
2.277894
2.242720
2.259341
2.239599
2.181527
2.239154
2.270082
2.395811
2.260417
2.283943
2.306496
2.262001
2.238578
2.260265
2.224806
2.240185
2.238924
2.265362
2.240280
2.205025
2.197409
2.218508
2.414731
2.302441
2.240064
2.266574
2.260516
2.241802
2.258297
2.260587
2.307338
2.218460
2.264395
2.239436
2.261738
2.205969
2.262417
2.355063
2.265607
2.195977
2.220754
2.218417
2.220119
2.221668
2.284720
2.223922
2.218357
2.239936
2.226193
2.283221
2.221532
2.217700
2.347218
2.413700
2.282793
2.226824
2.264366
2.303965
2.232096
2.262531
2.303745
2.244225
2.240593
2.243347
2.238229
2.196914
2.200781
2.216986
2.353220
2.306315
2.261072
2.258340
2.260095
2.257940
2.221388
2.239912
2.223299
2.215617
2.239147
2.243651
2.240886
2.180550
2.175587
2.303161
2.293423
2.258103
2.220382
2.220784
2.197189
2.185196
2.216490
2.241081
2.222390
2.217436
2.238786
2.240030
2.262746
2.196904
2.303531
2.369072
2.282830
2.207473
2.199932
2.217924
2.222345
2.217834
2.202373
2.308463
2.261417
2.283963
2.281910
2.239328
2.247702
2.261331
2.220469
2.389024
2.349911
2.207497
2.173747
2.158539
2.130738
2.132806
2.136162
2.153960
2.155210
2.175413
2.260300
2.262294
2.217808
2.266220
2.291837
2.347340
2.263976
2.195203
2.155322
2.140234
2.133901
2.141108
2.134226
2.139344
2.156779
2.197241
2.284996
2.284430
2.221339
2.246124
2.304696
2.326966
2.217436
2.176003
2.141018
2.131547
2.133996
2.134176
2.154940
2.133444
2.162767
2.219684
2.262517
2.264057
2.221702
2.197194
2.229437
2.368765
2.260118
2.205535
2.174473
2.135172
2.132479
2.164007
2.156533
2.133203
2.182114
2.219062
2.264186
2.199418
2.261502
2.263383
2.325875
2.282251
2.198088
2.173396
2.135087
2.132485
2.139789
2.135108
2.133547
2.136433
2.152074
2.221399
2.308273
2.239158
2.296666
2.285093
2.314807
2.241996
2.175486
2.139869
2.132583
2.142756
2.140699
2.132790
2.136572
2.126530
2.195633
2.239802
2.260010
2.225146
2.218592
2.265211
2.268731
2.304700
2.179380
2.153874
2.134650
2.136321
2.150438
2.121069
2.131782
2.133981
2.216599
2.284836
2.260954
2.219346
2.263316
2.285841
2.325081
2.218964
2.175398
2.152810
2.138366
2.132495
2.133794
2.132859
2.115208
2.127368
2.192618
2.223130
2.239922
2.244499
2.221199
2.193328
2.243144
2.323913
2.227492
2.179080
2.151032
2.144441
2.156575
2.155476
2.150921
2.134311
2.262419
2.240315
2.221576
2.222433
2.215426
2.222541
2.307879
2.219234
2.206179
2.153873
2.140232
2.131382
2.135987
2.154095
2.156065
2.165676
2.240982
2.265957
2.249580
2.260493
2.246083
2.326055
2.282348
2.179610
2.153848
2.138361
2.134451
2.134237
2.143164
2.131937
2.121394
2.149208
2.217344
2.218437
2.196316
2.181280
2.243961
2.265280
2.265826
2.239165
2.162268
2.154326
2.141276
2.136442
2.132591
2.111548
2.131648
2.199963
2.240210
2.220212
2.242241
2.174549
2.215684
2.241758
2.257282
2.285615
2.195045
2.148218
2.139210
2.175297
2.160867
2.132454
2.140119
2.197745
2.218437
2.198214
2.213563
2.200904
2.274067
2.196014
2.262322
2.261331
2.261409
2.164802
2.153278
2.158994
2.176315
2.160476
2.176110
2.238819
2.206187
2.197311
2.219377
2.247699
2.194647
2.220459
2.263584
2.223790
2.179459
2.174249
2.137755
2.154214
2.180092
2.199692
2.197548
2.219643
2.279835
2.262416
2.223208
2.235872
2.179489
2.217414
2.239430
2.158116
2.175742
2.158686
2.153410
2.145635
2.144051
2.218496
2.176876
2.197235
2.243543
2.222193
2.218648
2.204808
2.174805
2.177660
2.249775
2.175425
2.137318
2.152725
2.139039
2.110582
2.109953
2.163574
2.152868
2.179320
2.222994
2.238945
2.249586
2.218464
2.221400
2.195872
2.238839
2.218488
2.153740
2.139301
2.131722
2.132318
2.131695
2.134427
2.165678
2.177441
2.227886
2.285592
2.217569
2.219435
2.196066
2.217482
2.263541
2.173537
2.140244
2.131573
2.135199
2.102460
2.131579
2.139030
2.175500
2.177424
2.217576
2.281950
2.259345
2.220669
2.197868
2.223042
2.240015
2.156552
2.132362
2.141821
2.133284
2.109836
2.112156
2.111762
2.135582
2.177393
2.218921
2.241866
2.282281
2.269228
2.240997
2.283134
2.227629
2.157384
2.134292
2.110005
2.110588
2.106727
2.110977
2.137954
2.132618
2.154036
2.174741
2.218404
2.243700
2.259313
2.259533
2.287742
2.261479
2.179470
2.153942
2.132472
2.116522
2.110944
2.110776
2.111642
2.121085
2.154565
2.191953
2.243349
2.239841
2.270382
2.265009
2.303798
2.291929
2.174472
2.153097
2.144258
2.132771
2.133791
2.136801
2.136497
2.132401
2.153080
2.205525
2.238232
2.231128
2.248040
2.261134
2.349506
2.282729
2.197799
2.157898
2.132847
2.139033
2.133289
2.116949
2.132189
2.129670
2.008210
2.175919
2.202909
2.197040
2.196995
2.247726
2.261205
2.226811
2.217645
2.238822
2.199306
2.261818
2.264265
2.327746
2.261188
2.241483
2.239052
2.217413
2.179314
2.219152
2.220456
2.259453
2.217946
2.217958
2.217819
2.199634
2.260407
2.264200
2.306913
2.263396
2.244767
2.220619
2.215387
2.217558
2.171107
2.177685
2.217192
2.235100
2.226472
2.238674
2.241832
2.218485
2.304414
2.306167
2.304690
2.246714
2.265465
2.258362
2.242026
2.196856
2.193769
2.221152
2.235717
2.248704
2.218560
2.239331
2.222252
2.259478
2.333718
2.301889
2.241889
2.240699
2.236233
2.246973
2.181808
2.191697
2.199321
2.241294
2.308390
2.091376
2.215518
2.219962
2.239796
2.247908
2.199217
2.215834
2.285020
2.282532
2.260190
2.376577
2.281772
2.198991
2.195619
2.239950
2.222394
2.216405
2.243395
2.239829
2.282542
2.243741
2.239236
2.247312
2.326264
2.259406
2.328732
2.411664
2.347417
2.199524
2.217339
2.225427
2.199859
2.197858
2.227227
2.262282
2.246872
2.307081
2.215328
2.224251
2.237883
2.238692
2.267373
2.283151
2.284231
2.196056
2.282198
2.268618
2.218176
2.225293
2.240046
2.278342
2.246293
2.261858
2.263503
2.244339
2.220075
2.219471
2.197952
2.305657
2.220717
2.218487
2.155460
2.281914
2.262559
2.244835
2.221241
2.221233
2.261657
2.258392
2.265278
2.218199
2.202923
2.236797
2.240694
2.310412
2.239240
2.206251
2.237993
2.430965
2.263208
2.216920
2.268218
2.263975
2.259627
2.245783
2.194087
2.282696
2.226081
2.239859
2.285579
2.281555
2.261470
2.198721
2.305398
2.289406
2.286089
2.261405
2.223123
2.259450
2.273731
2.261509
2.216634
2.217371
2.238166
2.240286
2.289009
2.303162
2.241271
2.174990
2.283079
2.314030
2.282945
2.284998
2.266053
2.260954
2.241005
2.258583
2.286187
2.198405
2.240252
2.221350
2.218397
2.260365
2.242938
2.197318
2.250994
2.320512
2.283211
2.243479
2.218408
2.263677
2.261125
2.239334
2.293093
2.219590
2.286191
2.227196
2.260766
2.222350
2.176288
2.174855
2.291941
2.282188
2.306392
2.264049
2.260366
2.224473
2.237961
2.243680
2.258523
2.238971
2.205624
2.218329
2.220441
2.172409
2.196983
2.286823
2.260341
2.262438
2.307397
2.237072
2.220401
2.238998
2.221586
2.243805
2.258124
2.198834
2.196948
2.217264
2.203526
2.153004
2.219310
2.304885
2.303476
2.286766
2.282618
2.266260
2.217145
2.217444
2.243036
2.217073
2.245693
2.200851
2.196843
2.206933
2.197853
2.161769
2.219210
2.298941
2.349932
2.325031
2.317601
2.265364
2.217517
2.217803
2.260532
2.217871
2.222472
2.173247
2.199830
2.216635
2.217274
2.221051
2.198065
2.285610
2.282982
2.260980
2.263365
2.280413
2.241929
2.217402
2.239590
2.243446
2.241117
2.206031
2.201626
2.238420
2.201141
2.195791
2.205588
2.265431
2.283473
2.220215
2.303275
2.281771
2.241006
2.218063
2.244017
2.261012
2.239765
2.205156
2.217233
2.221780
2.195599
2.195032
2.200820
2.283981
2.290835
2.218494
2.261108
2.292633
2.239796
2.201052
2.224899
2.239950
2.201062
2.217939
2.247485
2.246041
2.240128
2.157184
2.134225
2.203731
2.220024
2.219439
2.288383
2.304240
2.238709
2.265293
2.239736
2.176378
2.195656
2.261458
2.266290
2.236853
2.155994
2.111578
2.109921
2.133830
2.260415
2.206256
2.238977
2.303604
2.243743
2.238747
2.220578
2.220277
2.260199
2.243054
2.176061
2.112196
2.088403
2.111386
2.115035
2.131931
2.182235
2.196730
2.270875
2.266282
2.240086
2.220341
2.239859
2.259208
2.266273
2.195928
2.157960
2.111361
2.107091
2.133748
2.133930
2.141416
2.156602
2.241644
2.241522
2.260875
2.218215
2.217972
2.261580
2.245792
2.219692
2.162430
2.089424
2.092936
2.110637
2.132598
2.120676
2.132523
2.178478
2.217821
2.262937
2.247883
2.220423
2.199636
2.233801
2.236491
2.174420
2.153977
2.092422
2.110979
2.109954
2.113128
2.132624
2.158191
2.218646
2.325542
2.251753
2.218495
2.221861
2.217418
2.285003
2.176557
2.153932
2.092878
2.131557
2.110156
2.110940
2.112199
2.121464
2.174589
2.219519
2.267210
2.263616
2.222333
2.256657
2.250608
2.201471
2.132374
2.117843
2.111979
2.137332
2.131911
2.111941
2.118857
2.153107
2.186645
2.218273
2.261178
2.241886
2.218069
2.262346
2.239769
2.174320
2.137381
2.112200
2.120477
2.110625
2.111215
2.114453
2.133120
2.183590
2.217396
2.297154
2.262416
2.239115
2.264184
2.240870
2.155060
2.120756
2.109906
2.117810
2.110298
2.113528
2.113085
2.132449
2.158057
2.196131
2.263378
2.284265
2.218568
2.219698
2.259415
2.200316
2.118744
2.106168
2.112318
2.108931
2.117882
2.131392
2.132334
2.148883
2.197345
2.240132
2.302958
2.239767
2.240587
2.302043
2.244400
2.175563
2.132232
2.116568
2.110900
2.112552
2.132724
2.111586
2.115602
2.132656
2.180318
2.261410
2.269608
2.273301
2.260969
2.225979
2.238989
2.177027
2.120813
2.130680
2.114578
2.112514
2.113788
2.111346
2.110993
2.136625
2.196142
2.239941
2.261372
2.261378
2.220553
2.239956
2.242616
2.174516
2.132605
2.117863
2.110917
2.119746
2.111229
2.131614
2.145536
2.196805
2.222393
2.240197
2.238905
2.228519
2.196277
2.225224
2.260425
2.177878
2.133729
2.132414
2.133302
2.133384
2.120682
2.132761
2.175415
2.180255
2.238900
2.269999
2.243353
2.218189
2.203540
2.218136
2.204704
2.135132
2.109896
2.113987
2.134527
2.113035
2.131661
2.146875
2.178158
2.196725
2.247736
2.240767
2.258524
2.228502
2.281592
2.240887
2.176302
2.155950
2.136086
2.133553
2.111958
2.110992
2.131737
2.121699
2.175329
2.202359
2.260400
2.239633
2.289528
2.261407
2.243879
2.241720
2.154687
2.137044
2.131610
2.133760
2.131634
2.124701
2.119030
2.133029
2.158926
2.197174
2.241022
2.244097
2.218780
2.198470
2.260412
2.200856
2.140387
2.132926
2.114736
2.110965
2.113412
2.110753
2.131122
2.134110
2.153161
2.176237
2.238917
2.219465
2.262297
2.239964
2.290613
2.239384
2.154129
2.138240
2.131513
2.134236
2.111056
2.110204
2.114966
2.133119
2.140454
2.174785
2.245604
2.219471
2.236764
2.223540
2.220228
2.309741
2.179950
2.152968
2.116786
2.110596
2.115011
2.132507
2.107831
2.110079
2.131226
2.160659
2.240938
2.281629
2.225312
2.239920
2.269514
2.260522
2.174185
2.174379
2.132816
2.120380
2.110847
2.111863
2.118575
2.109822
2.112961
2.129994
2.200887
2.265366
2.218696
2.267207
2.262237
2.333000
2.243253
2.175500
2.153807
2.132385
2.136170
2.117939
2.131350
2.133317
2.134304
2.135436
2.195809
2.283224
2.203838
2.261343
2.284832
2.264583
2.238296
2.179106
2.131760
2.134381
2.131295
2.111168
2.116012
2.110704
2.113484
2.133407
2.196046
2.224744
2.236782
2.197767
2.215600
2.283707
2.264738
2.197574
2.155762
2.130510
2.110189
2.114164
2.110349
2.115065
2.110393
2.111997
2.155829
2.218125
2.239097
2.217043
2.244643
2.240603
2.283036
2.225828
2.174259
2.139821
2.113948
2.131973
2.120714
2.111003
2.111946
2.107527
2.132506
2.221357
2.260387
2.283874
2.239018
2.260472
2.308452
2.283829
2.197819
2.153946
2.131278
2.138500
2.132617
2.110345
2.108096
2.107835
2.120007
2.152628
2.198218
2.261636
2.218162
2.265318
2.303542
2.288695
2.198040
2.152987
2.134405
2.132374
2.111869
2.113016
2.112428
2.100407
2.111402
2.154183
2.218965
2.220676
2.196941
2.218249
2.289100
2.281584
2.246853
2.178457
2.131403
2.133699
2.131625
2.114494
2.110879
2.107902
2.111977
2.172424
2.203878
2.218088
2.218012
2.202787
2.260238
2.304023
2.280718
2.171641
2.136630
2.132384
2.137670
2.111037
2.130806
2.114858
2.101987
2.158036
2.218015
2.219284
2.195976
2.240299
2.249694
2.216972
2.197352
2.178526
2.153313
2.137455
2.112840
2.138362
2.113075
2.111645
2.113523
2.131642
2.226313
2.174257
2.217753
2.204661
2.239883
2.264811
2.218235
2.156914
2.135133
2.131927
2.118778
2.129390
2.110141
2.095424
2.111958
2.115845
2.196866
2.196567
2.182429
2.216580
2.219982
2.261192
2.260165
2.185219
2.153965
2.133511
2.127826
2.117203
2.090420
2.110225
2.091266
2.110042
2.134250
2.195974
2.195034
2.201352
2.241804
2.245777
2.326843
2.217254
2.156321
2.152826
2.140079
2.112565
2.110941
2.109006
2.110731
2.118916
2.110018
2.141638
2.201895
2.197374
2.201926
2.198182
2.208035
2.312413
2.218482
2.157028
2.131465
2.144063
2.117791
2.113067
2.096685
2.112127
2.112967
2.132405
2.152305
2.199152
2.218521
2.196965
2.238905
2.238690
2.327597
2.217473
2.183481
2.153998
2.152876
2.114282
2.111301
2.112828
2.110973
2.109836
2.115820
2.176078
2.220255
2.218695
2.220691
2.242226
2.239842
2.286882
2.196886
2.174963
2.143219
2.132947
2.118385
2.129247
2.100956
2.109970
2.110126
2.114141
2.175444
2.221454
2.194954
2.217935
2.273019
2.324986
2.199158
2.174611
2.152789
2.134672
2.131525
2.111652
2.111295
2.113367
2.117499
2.133205
2.183247
2.198474
2.206653
2.262999
2.261876
2.265454
2.239084
2.154029
2.140370
2.133068
2.124664
2.130714
2.119659
2.109927
2.109663
2.136320
2.153069
2.198822
2.217255
2.262223
2.219899
2.283175
2.204541
2.174527
2.154147
2.135080
2.111389
2.111055
2.130426
2.111379
2.114607
2.131004
2.135459
2.220867
2.201868
2.222326
2.217479
2.267139
2.218418
2.184201
2.156727
2.154760
2.135641
2.132425
2.097133
2.110851
2.110091
2.140645
2.196525
2.205701
2.196963
2.217913
2.246792
2.260392
2.218210
2.154276
2.151192
2.135600
2.130897
2.112665
2.109431
2.110050
2.113099
2.133992
2.178278
2.220451
2.179365
2.219661
2.215205
2.268259
2.300410
2.184477
2.158501
2.135261
2.135385
2.130625
2.112775
2.110889
2.110499
2.136663
2.154063
2.200743
2.192768
2.217447
2.242458
2.260654
2.305847
2.260928
2.153719
2.136278
2.131474
2.138298
2.110891
2.131419
2.110908
2.132559
2.141038
2.193068
2.200225
2.188159
2.196944
2.202669
2.217899
2.267765
2.243923
2.196361
2.154477
2.132811
2.133275
2.132811
2.108987
2.116142
2.110977
2.154597
2.260623
2.197075
2.204411
2.215443
2.177405
2.238740
2.280398
2.242750
2.171429
2.188220
2.175438
2.153082
2.133328
2.111393
2.136878
2.175493
2.217565
2.178423
2.218392
2.237928
2.195989
2.195918
2.268198
2.325372
2.201026
2.174302
2.153254
2.157347
2.131290
2.134496
2.107940
2.154546
2.220293
2.194145
2.197457
2.217189
2.224821
2.241809
2.279928
2.263937
2.174715
2.153691
2.155380
2.131664
2.112531
2.110901
2.112622
2.112998
2.154305
2.222318
2.195927
2.200695
2.218352
2.261644
2.249466
2.239631
2.180477
2.171779
2.154060
2.135662
2.132545
2.131849
2.107918
2.131340
2.204462
2.195565
2.177494
2.220316
2.196949
2.273112
2.282496
2.220406
2.176146
2.153778
2.135163
2.130460
2.138044
2.111048
2.111468
2.136986
2.176324
2.220600
2.192989
2.206956
2.224639
2.237827
2.325698
2.282869
2.196125
2.181381
2.153267
2.138367
2.133360
2.145111
2.135749
2.132390
2.176448
2.196827
2.177295
2.200891
2.219093
2.222253
2.237132
2.242142
2.177231
2.152872
2.144329
2.132484
2.110645
2.112070
2.112498
2.117445
2.109036
2.143460
2.196955
2.177332
2.200872
2.219342
2.291678
2.282863
2.241062
2.158886
2.154027
2.138440
2.131222
2.110658
2.113136
2.110693
2.134362
2.175361
2.160675
2.196494
2.194217
2.202127
2.238110
2.244707
2.193082
2.155699
2.155892
2.131285
2.114739
2.111400
2.110188
2.119756
2.110841
2.135339
2.173498
2.195643
2.166294
2.219452
2.223281
2.239997
2.239731
2.179467
2.152943
2.135244
2.132521
2.113194
2.110819
2.110041
2.112841
2.111247
2.154213
2.175588
2.196005
2.201827
2.201022
2.246885
2.260489
2.176176
2.141335
2.132625
2.133615
2.130051
2.110604
2.119688
2.110048
2.116364
2.153697
2.221319
2.178096
2.176493
2.204804
2.218440
2.265266
2.228533
2.175448
2.140874
2.131246
2.137053
2.110222
2.111818
2.115676
2.111179
2.134981
2.174995
2.193914
2.178086
2.218539
2.270143
2.260470
2.218332
2.177502
2.151001
2.136271
2.109065
2.115138
2.110816
2.109500
2.110960
2.130557
2.155845
2.217091
2.196838
2.243064
2.240218
2.247775
2.238870
2.176515
2.135148
2.132312
2.115939
2.111081
2.109636
2.090887
2.110110
2.133930
2.135838
2.218499
2.177230
2.217355
2.227111
2.215155
2.239374
2.209328
2.196097
2.177702
2.262002
2.260459
2.223621
2.196950
2.197799
2.215151
2.213232
2.222389
2.281609
2.250507
2.216743
2.213481
2.196571
2.196995
2.177281
2.196094
2.302100
2.243817
2.216713
2.203683
2.195975
2.216172
2.224447
2.238107
2.267319
2.219226
2.240741
2.200071
2.197060
2.228076
2.176359
2.174290
2.220449
2.277100
2.245648
2.216119
2.217135
2.200279
2.198090
2.220559
2.264215
2.262506
2.239027
2.240328
2.261282
2.220289
2.175657
2.182595
2.218345
2.238763
2.287277
2.218076
2.200898
2.196000
2.218011
2.217166
2.240028
2.292254
2.238840
2.218175
2.230075
2.196321
2.177200
2.191676
2.261043
2.308316
2.241544
2.200821
2.195706
2.215353
2.195822
2.220890
2.270635
2.244601
2.224745
2.245602
2.217371
2.199206
2.185666
2.242023
2.325136
2.281863
2.195781
2.199098
2.196980
2.219424
2.239881
2.239087
2.283833
2.239980
2.251783
2.196567
2.195876
2.197474
2.239953
2.267423
2.239789
2.214584
2.197982
2.175588
2.219938
2.282835
2.262094
2.267183
2.281863
2.221361
2.227362
2.217006
2.221593
2.217876
2.265929
2.262477
2.218803
2.222278
2.219274
2.174472
2.200954
2.238995
2.241838
2.303424
2.239267
2.203760
2.218009
2.200959
2.195748
2.237986
2.242757
2.217458
2.202682
2.197594
2.175500
2.224243
2.263114
2.240875
2.281553
2.282894
2.220351
2.218447
2.185823
2.196894
2.218558
2.267223
2.217160
2.199051
2.199329
2.175076
2.157428
2.218661
2.269423
2.247298
2.261369
2.229027
2.241188
2.240209
2.225134
2.216280
2.199076
2.218357
2.239390
2.179814
2.215235
2.200482
2.171427
2.261362
2.286830
2.239802
2.284473
2.304252
2.239440
2.224003
2.218081
2.198894
2.237494
2.238364
2.200736
2.175535
2.157852
2.194957
2.281246
2.310879
2.238940
2.261848
2.264256
2.244963
2.237845
2.196106
2.198880
2.245426
2.239952
2.264917
2.216509
2.175043
2.180412
2.219500
2.291788
2.260483
2.282571
2.249002
2.261439
2.243995
2.218692
2.238812
2.241876
2.238575
2.223222
2.197902
2.196774
2.176226
2.217868
2.248559
2.282126
2.238321
2.226126
2.238700
2.261216
2.260363
2.198744
2.224392
2.240612
2.229110
2.198387
2.152583
2.183524
2.196899
2.247194
2.244797
2.240275
2.228203
2.282106
2.239846
2.284675
2.235037
2.220389
2.239582
2.261361
2.223376
2.195689
2.176560
2.197086
2.217431
2.198831
2.238848
2.263259
2.239799
2.261572
2.284713
2.241064
2.221200
2.223455
2.198266
2.221393
2.197646
2.200533
2.220841
2.217522
2.219503
2.176043
2.282868
2.264257
2.219105
2.269355
2.281991
2.216731
2.218692
2.240967
2.201053
2.198879
2.216058
2.243855
2.213447
2.261904
2.175442
2.173608
2.284054
2.239011
2.244704
2.260116
2.238695
2.242659
2.239577
2.220149
2.195779
2.218437
2.242549
2.198679
2.264063
2.205633
2.154323
2.243768
2.282527
2.268816
2.220020
2.219513
2.227570
2.254349
2.216437
2.201503
2.215133
2.243786
2.283202
2.303892
2.219410
2.132854
2.137132
2.238411
2.239864
2.219483
2.239879
2.221076
2.237531
2.240377
2.182039
2.219499
2.246658
2.285878
2.324585
2.245785
2.172401
2.118250
2.195274
2.237967
2.264370
2.286088
2.263778
2.243663
2.259703
2.197217
2.175498
2.204652
2.262228
2.282976
2.203451
2.152182
2.117750
2.245866
2.261521
1.939931
2.238851
2.221342
2.211338
2.214258
2.246991
2.282610
2.226881
2.227686
2.196743
2.216380
2.260378
2.325017
2.269328
2.239818
2.226173
2.215968
2.218372
2.178573
2.194155
2.207562
2.240729
2.218658
2.236987
2.220312
2.219106
2.261323
2.282561
2.271130
2.264911
2.253518
2.246094
2.215474
2.209009
2.196825
2.221204
2.243469
2.237950
2.250336
2.217432
2.218528
2.182656
2.260357
2.264641
2.300153
2.240251
2.220334
2.238880
2.225235
2.216325
2.195886
2.263263
2.238851
2.219452
2.238789
2.218582
2.228258
2.280763
2.314053
2.241310
2.240210
2.221606
2.238996
2.247194
2.221438
2.215529
2.242982
2.240810
2.217172
2.246444
2.197733
2.241759
2.286075
2.326149
2.225936
2.240545
2.220285
2.195967
2.282317
2.198619
2.216636
2.240692
2.238550
2.237894
2.242809
2.216360
2.226226
2.285133
2.304360
2.226406
2.219601
2.208254
2.219305
2.305471
2.182555
2.216752
2.238296
2.241421
2.237298
2.241847
2.196990
2.262331
2.273565
2.325840
2.241728
2.240869
2.219535
2.249750
2.196826
2.205550
2.218403
2.236520
2.265176
2.260425
2.261136
2.221845
2.260677
2.289100
2.304832
2.241350
2.240463
2.258512
2.305191
2.194808
2.195257
2.182090
2.258074
2.219863
2.218471
2.215246
2.221400
2.239370
2.263108
2.280931
2.240430
2.220346
2.220304
2.240840
2.216075
2.197016
2.263140
2.240183
2.240148
2.223673
2.219551
2.198765
2.262834
2.249571
2.288767
2.239466
2.239916
2.238926
2.220404
2.205840
2.193409
2.226377
2.260291
2.238893
2.223359
2.220384
2.219297
2.196978
2.239989
2.262303
2.281792
2.247549
2.218409
2.176346
2.179254
2.192780
2.218404
2.240623
2.242480
2.222920
2.195829
2.198521
2.244130
2.239864
2.243849
2.281712
2.258350
2.250085
2.237598
2.227111
2.192953
2.195921
2.218432
2.239935
2.242549
2.197425
2.216942
2.221556
2.283042
2.283945
2.261287
2.239035
2.223506
2.197578
2.219435
2.218649
2.196884
2.221258
2.218421
2.264191
2.196842
2.218594
2.222741
2.238542
2.226625
2.286295
2.281845
2.219504
2.218090
2.196290
2.226429
2.196115
2.202842
2.215716
2.239848
2.238789
2.258262
2.201512
2.223346
2.238694
2.284786
2.261788
2.224448
2.218390
2.196911
2.222349
2.195225
2.197160
2.218040
2.220343
2.228284
2.238745
2.222228
2.261400
2.240215
2.282615
2.260560
2.201247
2.200094
2.175682
2.240858
2.217582
2.174758
2.197253
2.236562
2.222498
2.219396
2.206751
2.220193
2.261112
2.247229
2.260528
2.217971
2.200886
2.218484
2.200815
2.215621
2.218889
2.217768
2.235298
2.221460
2.219965
2.236871
2.224143
2.239280
2.251278
2.260670
2.260436
2.196829
2.173084
2.184426
2.239903
2.238096
2.201083
2.220343
2.258207
2.239613
2.239861
2.202731
2.238031
2.270539
2.264547
2.260807
2.197893
2.195833
2.178080
2.220595
2.237967
2.200143
2.216325
2.219022
2.228102
2.237619
2.223093
2.236027
2.240252
2.265961
2.261493
2.244752
2.217473
2.239042
2.241185
2.218771
2.199564
2.261325
2.258331
2.241841
2.218699
2.241787
2.281564
2.284809
2.265973
2.263023
2.201204
2.197832
2.238452
2.217933
2.237183
2.200594
2.265892
2.239908
2.220171
2.196685
2.215294
2.261338
2.304408
2.248441
2.259423
2.262832
2.202776
2.217412
2.221276
2.218413
2.238587
2.241778
2.217641
2.245913
2.239835
2.215617
2.238918
2.325929
2.282541
2.224670
2.218450
2.201018
2.196733
2.219835
2.239018
2.196924
2.226708
2.220523
2.245241
2.243904
2.215425
2.308390
2.347954
2.240009
2.186272
2.196590
2.196628
2.151278
2.173617
2.203751
2.217839
2.222304
2.235998
2.217852
2.226128
2.217473
2.219566
2.281935
2.281760
2.219145
2.197467
2.219951
2.192778
2.151513
2.204918
2.219008
2.220160
2.238764
2.238243
2.268417
2.240082
2.203792
2.285101
2.261237
2.222268
2.193045
2.198843
2.176206
2.153391
2.155830
2.218233
2.220968
2.220308
2.211671
2.226096
2.261515
2.283860
2.292871
2.326003
2.218971
2.196084
2.172214
2.197626
2.173457
2.137384
2.175669
2.239146
2.227902
2.196135
2.225813
2.239916
2.195969
2.286735
2.326130
2.222592
2.196866
2.153991
2.183455
2.172205
2.161705
2.152840
2.217683
2.222593
2.196593
2.207331
2.218360
2.174247
2.241845
2.260459
2.221269
2.196698
2.173083
2.179602
2.173578
2.182224
2.174404
2.213568
2.286365
2.239466
2.241834
2.259368
2.218044
2.284922
2.260320
2.222948
2.175616
2.152501
2.163424
2.156001
2.155003
2.131381
2.196563
2.263328
2.239456
2.265146
2.216562
2.238874
2.289366
2.261575
2.186020
2.151834
2.155907
2.160027
2.131837
2.156901
2.151028
2.196241
2.242011
2.195974
2.200731
2.220646
2.240415
2.264399
2.261054
2.199774
2.154015
2.153952
2.157923
2.132485
2.154790
2.129100
2.194567
2.250586
2.239003
2.243613
2.217943
2.261595
2.268443
2.284179
2.198973
2.174560
2.174156
2.155115
2.153183
2.132884
2.154171
2.218146
2.221809
2.196851
2.225209
2.217121
2.282097
2.310593
2.238971
2.179311
2.153933
2.175366
2.162429
2.153153
2.118145
2.134635
2.198806
2.224528
2.176281
2.203967
2.218395
2.201112
2.266486
2.261311
2.244776
2.196881
2.181045
2.154616
2.154033
2.133509
2.172886
2.221051
2.217432
2.177763
2.224243
2.219201
2.181153
2.286226
2.304426
2.270750
2.193679
2.184566
2.158382
2.173643
2.136434
2.217456
2.220496
2.205500
2.218795
2.216400
2.240014
2.226330
2.222588
2.304341
2.285746
2.197036
2.174965
2.177648
2.170961
2.177714
2.195175
2.230090
2.180039
2.197057
2.230231
2.218688
2.188359
2.239365
2.302495
2.241877
2.175432
2.175775
2.187951
2.171677
2.156068
2.173766
2.204929
2.157438
2.196880
2.223915
2.239773
2.200433
2.267296
2.305526
2.224270
2.198243
2.197462
2.175979
2.172803
2.158980
2.197889
2.229114
2.185447
2.194552
2.240835
2.217656
2.196901
2.244084
2.239859
2.205096
2.177350
2.187677
2.201945
2.152010
2.135634
2.218871
2.219735
2.176595
2.218532
2.226050
2.217196
2.177689
2.224503
2.283154
2.225438
2.178661
2.198768
2.184113
2.175413
2.156365
2.177149
2.199948
2.219381
2.197082
2.220055
2.196687
2.199635
2.252519
2.304801
2.225095
2.173881
2.157929
2.160381
2.155179
2.133668
2.132443
2.198853
2.240147
2.196581
2.202946
2.194921
2.198134
2.286698
2.261549
2.202174
2.199985
2.179518
2.154669
2.132689
2.114904
2.154033
2.207843
2.197028
2.175173
2.221985
2.196996
2.220345
2.295981
2.239817
2.186737
2.175822
2.163509
2.178576
2.152394
2.119911
2.173320
2.222371
2.175571
2.195124
2.199170
2.219230
2.200575
2.241683
2.303393
2.245903
2.175882
2.164022
2.157255
2.154239
2.143192
2.128355
2.224300
2.218303
2.154695
2.179826
2.178753
2.223946
2.242308
2.260816
2.239578
2.171952
2.181513
2.161612
2.152016
2.156103
2.153551
2.177316
2.217304
2.177429
2.201826
2.176808
2.184290
2.231173
2.282913
2.201802
2.198421
2.169556
2.158023
2.154114
2.161960
2.132497
2.175379
2.218251
2.197102
2.179334
2.216354
2.199861
2.266968
2.260662
2.220623
2.197629
2.161761
2.156443
2.154310
2.159790
2.155944
2.180326
2.218368
2.175486
2.221208
2.197662
2.178448
2.223839
2.259963
2.199017
2.198052
2.177761
2.157284
2.153712
2.156631
2.175398
2.219445
2.225625
2.218839
2.224419
2.196792
2.222161
2.244454
2.239232
2.199262
2.176450
2.187847
2.159386
2.154151
2.156214
2.178293
2.223371
2.242301
2.218203
2.200582
2.197966
2.249599
2.264974
2.238044
2.176585
2.136903
2.141207
2.156348
2.152886
2.158109
2.153868
2.223771
2.287123
2.214700
2.222426
2.215920
2.264498
2.285099
2.195637
2.183195
2.153074
2.157904
2.133181
2.154789
2.136665
2.153417
2.226548
2.241846
2.217436
2.218358
2.261406
2.263280
2.186915
2.175651
2.156315
2.154835
2.140096
2.132601
2.132426
2.136601
2.132601
2.199087
2.282835
2.235488
2.240556
2.237060
2.292074
2.245837
2.197071
2.140587
2.131482
2.135631
2.133174
2.132383
2.144153
2.174636
2.223155
2.236182
2.218347
2.244326
2.239671
2.263667
2.247026
2.175830
2.164452
2.135423
2.158107
2.132421
2.132941
2.117946
2.154455
2.196768
2.303446
2.216828
2.264468
2.282716
2.268923
2.188733
2.155199
2.137129
2.153792
2.135234
2.132634
2.132343
2.134327
2.149038
2.219313
2.218143
2.198026
2.199555
2.192036
2.240954
2.239261
2.175967
2.140219
2.155782
2.154530
2.132532
2.132899
2.145962
2.150852
2.222352
2.239060
2.238786
2.186314
2.262383
2.244783
2.216576
2.155978
2.142651
2.154637
2.165018
2.110508
2.134634
2.131867
2.170783
2.248591
2.220060
2.206520
2.219725
2.258622
2.265971
2.279530
2.174677
2.146784
2.152644
2.157497
2.132409
2.143058
2.130112
2.125635
2.202748
2.194001
2.179308
2.218379
2.262295
2.264794
2.259229
2.188673
2.157674
2.152046
2.139105
2.130409
2.140098
2.110006
2.107045
2.195685
2.239581
2.212946
2.218598
2.213345
2.241903
2.282996
2.199921
2.156051
2.152993
2.133363
2.132428
2.132985
2.114211
2.110023
2.152171
2.217745
2.238758
2.239909
2.217173
2.223603
2.303343
2.263206
2.175593
2.154048
2.133818
2.154765
2.139825
2.110000
2.123694
2.183231
2.197155
2.177259
2.219209
2.217278
2.242589
2.281876
2.268115
2.239023
2.166869
2.157021
2.153129
2.133861
2.129259
2.133218
2.195687
2.217383
2.176411
2.194672
2.199875
2.216694
2.280937
2.265237
2.172731
2.160748
2.157496
2.130846
2.136560
2.111131
2.117249
2.152908
2.213106
2.222373
2.176411
2.202566
2.194925
2.260078
2.262244
2.216422
2.155468
2.154164
2.154070
2.113833
2.133482
2.114954
2.131922
2.195983
2.221088
2.175575
2.222597
2.196678
2.217977
2.241679
2.238768
2.183313
2.153020
2.131563
2.135971
2.132021
2.113879
2.110855
2.157901
2.218379
2.217993
2.204605
2.218332
2.200206
2.221787
2.218918
2.206748
2.176466
2.139429
2.132423
2.153373
2.133905
2.132106
2.134483
2.174070
2.194971
2.179945
2.195090
2.176535
2.196581
2.260277
2.247262
2.196024
2.142237
2.153159
2.131654
2.134487
2.111734
2.097866
2.154385
2.203109
2.199570
2.199470
2.222711
2.197410
2.202337
2.268383
2.240076
2.184405
2.174910
2.152873
2.142189
2.155218
2.118675
2.129973
2.164314
2.195983
2.175524
2.201264
2.196883
2.155842
2.276653
2.219116
2.182092
2.176964
2.161674
2.132395
2.131417
2.136098
2.124024
2.162122
2.196811
2.175445
2.176690
2.197048
2.177576
2.261896
2.260411
2.199111
2.177093
2.134624
2.131543
2.152943
2.133365
2.131743
2.158503
2.217091
2.198678
2.202822
2.198312
2.178883
2.239954
2.238889
2.198560
2.174454
2.141697
2.152995
2.140921
2.157343
2.110767
2.188500
2.194903
2.199352
2.208524
2.196083
2.199713
2.238625
2.221999
2.199721
2.176237
2.135321
2.152962
2.135408
2.151924
2.155048
2.221302
2.218361
2.183258
2.177477
2.217967
2.163772
2.258930
2.220717
2.175467
2.152893
2.135074
2.150920
2.134270
2.132381
2.152328
2.199780
2.218807
2.224262
2.175512
2.175501
2.179470
2.239811
2.176125
2.153934
2.153237
2.136523
2.153141
2.156609
2.154333
2.175441
2.243327
2.241821
2.229005
2.199118
2.155969
2.245478
2.217369
2.134282
2.136218
2.119811
2.111091
2.110969
2.133484
2.130686
2.156048
2.195997
2.219254
2.222267
2.218469
2.202669
2.261633
2.153050
2.140429
2.133272
2.116943
2.111105
2.121698
2.138080
2.132343
2.157067
2.222756
2.224390
2.265268
2.218231
2.241189
2.238432
2.117066
2.150196
2.107827
2.096205
2.112214
2.115704
2.132302
2.154157
2.177373
2.216989
2.206756
2.176378
2.196212
2.239924
2.153831
2.135001
2.111286
2.109981
2.119878
2.133285
2.112452
2.129663
2.155242
2.218460
2.261384
2.221183
2.239079
2.221641
2.185525
2.153485
2.131595
2.110066
2.112446
2.107854
2.131238
2.096310
2.171444
2.247161
2.196932
2.218474
2.243775
2.238769
2.182328
2.133637
2.131543
2.114578
2.132675
2.114043
2.113547
2.112097
2.188201
2.218071
2.205694
2.238944
2.290492
2.265968
2.194170
2.139304
2.132641
2.118596
2.110973
2.109357
2.118837
2.109933
2.138348
2.215339
2.195945
2.200795
2.239178
2.241090
2.218674
2.153759
2.114432
2.110442
2.118147
2.088560
2.110888
2.109436
2.108165
2.163604
2.217487
2.201102
2.284917
2.261381
2.222801
2.132871
2.135611
2.130447
2.110794
2.112962
2.131514
2.113888
2.109875
2.153149
2.244548
2.196907
2.241863
2.239905
2.216318
2.160756
2.132206
2.116798
2.112813
2.090201
2.091481
2.109627
2.092923
2.109897
2.183188
2.217355
2.238564
2.286195
2.261752
2.155646
2.130713
2.111068
2.091465
2.088362
2.093390
2.089833
2.090664
2.092392
2.154133
2.221900
2.197236
2.221503
2.245742
2.153268
2.133657
2.129711
2.095258
2.089424
2.089484
2.072931
2.087717
2.070883
2.153002
2.174274
2.227328
2.196792
2.221123
2.218427
2.155365
2.135013
2.129728
2.112352
2.091471
2.111596
2.088391
2.088363
2.111921
2.174748
2.198332
2.194181
2.215189
2.219425
2.198163
2.119588
2.133222
2.111851
2.091723
2.086566
2.091482
2.087426
2.092962
2.132477
2.172523
2.206732
2.196902
2.222321
2.218341
2.154159
2.136058
2.132312
2.093917
2.089487
2.086198
2.092915
2.088604
2.112764
2.175232
2.208745
2.175310
2.217386
2.202840
2.153746
2.142909
2.132195
2.111150
2.092123
2.089240
2.074101
2.090733
2.090214
2.154724
2.197648
2.197854
2.217440
2.272367
2.220020
2.155360
2.118999
2.131472
2.115448
2.091453
2.089391
2.097366
2.089521
2.101867
2.155811
2.184254
2.196723
2.193821
2.230043
2.196020
2.159282
2.141366
2.112333
2.096421
2.088978
2.091588
2.089353
2.110067
2.133850
2.174500
2.226972
2.216611
2.260265
2.242813
2.175428
2.073990
2.175423
2.153485
2.154872
2.154602
2.200170
2.150758
2.179708
2.178654
2.195308
2.204022
2.197350
2.199072
2.197510
2.240134
2.158635
2.153865
2.162002
2.194413
2.196336
2.182101
2.178363
2.155817
2.220373
2.238784
2.223330
2.176656
2.178061
2.178722
2.196524
2.162922
2.172597
2.220549
2.174510
2.198274
2.157670
2.196615
2.264002
2.222141
2.196059
2.176331
2.176119
2.181044
2.172463
2.175800
2.201009
2.171589
2.177334
2.175655
2.217636
2.241182
2.197087
2.179994
2.196773
2.199294
2.218362
2.151670
2.181482
2.216312
2.192451
2.202449
2.152561
2.221974
2.225615
2.218997
2.176789
2.196782
2.161324
2.201718
2.176175
2.202272
2.194247
2.197170
2.198787
2.196460
2.205294
2.239559
2.247124
2.182903
2.197258
2.197510
2.178608
2.179696
2.183068
2.164022
2.185035
2.178154
2.183330
2.195929
2.218087
2.242726
2.195824
2.183999
2.154800
2.197797
2.156506
2.154515
2.197863
2.196041
2.196750
2.178537
2.197912
2.225056
2.226955
2.153884
2.179236
2.154072
2.177359
2.171182
2.175382
2.204810
2.218502
2.200941
2.175147
2.216584
2.248434
2.216106
2.197658
2.163036
2.154336
2.181530
2.173124
2.176877
2.193822
2.216575
2.204373
2.176517
2.158453
2.210664
2.240207
2.183438
2.175324
2.156818
2.221785
2.195276
2.154894
2.196083
2.211201
2.200475
2.177162
2.204998
2.198040
2.201442
2.199849
2.175744
2.156533
2.174525
2.180188
2.155804
2.177166
2.198982
2.172398
2.185562
2.174553
2.195852
2.241048
2.217266
2.181250
2.174641
2.175218
2.178395
2.174343
2.176692
2.193227
2.171749
2.201674
2.154886
2.203679
2.249049
2.259781
2.179676
2.176092
2.181499
2.152907
2.175793
2.179664
2.197128
2.201787
2.175397
2.154983
2.204095
2.238783
2.199251
2.200479
2.179449
2.175647
2.175552
2.180502
2.195011
2.196348
2.197622
2.175598
2.155600
2.199232
2.214226
2.199688
2.197592
2.179530
2.179840
2.176098
2.181184
2.198023
2.176256
2.183267
2.174771
2.220087
2.221368
2.200805
2.200975
2.176351
2.180754
2.198619
2.157833
2.153615
2.198441
2.200189
2.175498
2.166737
2.218241
2.218181
2.201592
2.154543
2.157670
2.186923
2.197572
2.157228
2.175473
2.199937
2.196285
2.174773
2.195970
2.197333
2.243056
2.199020
2.151444
2.158506
2.175517
2.183981
2.196849
2.216024
2.199792
2.176634
2.176547
2.204888
2.236027
2.222535
2.154054
2.142589
2.132494
2.175800
2.177677
2.196406
2.195940
2.195112
2.196987
2.156134
2.173353
2.198976
2.227379
2.174194
2.135950
2.131663
2.179460
2.193028
2.175198
2.200381
2.172468
2.177856
2.175819
2.240089
2.245348
2.218480
2.204859
2.128450
2.154052
2.178171
2.174559
2.188228
2.236776
2.217469
2.179013
2.172158
2.219932
2.215012
2.196229
2.182094
2.131432
2.161667
2.178319
2.174457
2.158032
2.193761
2.201784
2.174817
2.217192
2.243047
2.217385
2.177312
2.156596
2.149067
2.156975
2.173406
2.160107
2.192723
2.218405
2.183217
2.133687
2.199677
2.219002
2.252475
2.197328
2.152957
2.138052
2.153787
2.181961
2.156023
2.193519
2.183783
2.154227
2.161351
2.174042
2.239545
2.183025
2.197069
2.187572
2.153811
2.172702
2.200580
2.157052
2.159888
2.196988
2.198207
2.158874
2.217993
2.220716
2.217617
2.174684
2.156100
2.151921
2.178418
2.152125
2.132461
2.198404
2.195557
2.199106
2.197121
2.239782
2.197751
2.175986
2.177283
2.176301
2.174447
2.199915
2.175553
2.155002
2.177629
2.174139
2.185337
2.237027
2.219202
2.176216
2.151523
2.155588
2.127516
2.136044
2.195963
2.216551
2.158222
2.175418
2.157748
2.153577
2.247101
2.223224
2.197954
2.136728
2.132468
2.136343
2.134141
2.173498
2.230619
2.197689
2.185333
2.175990
2.218994
2.208550
2.197099
2.140601
2.132355
2.129382
2.118278
2.088531
2.167648
2.175420
2.151969
2.176007
2.191921
2.247552
2.238631
2.195005
2.155415
2.153985
2.113555
2.110809
2.108471
2.164688
2.195322
2.178110
2.175697
2.197370
2.248616
2.218057
2.154873
2.155565
2.132922
2.146252
2.111367
2.114915
2.195861
2.156381
2.174417
2.174765
2.196457
2.240789
2.202690
2.153314
2.152695
2.140513
2.127344
2.110117
2.153808
2.153196
2.156082
2.173414
2.181243
2.197218
2.224161
2.177331
2.152053
2.134516
2.128695
2.115605
2.108308
2.153970
2.198630
2.173462
2.176396
2.177285
2.240131
2.241784
2.175340
2.154816
2.111864
2.110907
2.096387
2.068058
2.115353
2.173136
2.156713
2.156951
2.173371
2.201656
2.195972
2.202632
2.154235
2.154653
2.113243
2.106870
2.089652
2.132173
2.173476
2.154731
2.173526
2.208179
2.179515
2.260272
2.225416
2.153051
2.140240
2.131164
2.109664
2.097942
2.130648
2.158845
2.153839
2.140295
2.194492
2.174590
2.226862
2.238143
2.179802
2.136003
2.130154
2.117642
2.089423
2.118982
2.175841
2.129317
2.140233
2.175604
2.177323
2.220372
2.216377
2.181056
2.152991
2.116171
2.107958
2.073947
2.113932
2.155832
2.136076
2.152878
2.163544
2.172572
2.195867
2.204720
2.195998
2.140264
2.155657
2.107931
2.099406
2.107837
2.154735
2.132482
2.133358
2.182730
2.171861
2.220266
2.221648
2.204020
2.161558
2.112320
2.134100
2.129221
2.095864
2.174167
2.173102
2.160700
2.176366
2.198670
2.218424
2.219493
2.179608
2.152012
2.132173
2.110925
2.088376
2.112715
2.153186
2.155893
2.131612
2.136938
2.173339
2.197788
2.228311
2.197902
2.136474
2.132364
2.132271
2.092357
2.089323
2.134320
2.195724
2.153017
2.139118
2.174688
2.154847
2.196141
2.175148
2.162060
2.148763
2.113063
2.110980
2.100924
2.176842
2.153807
2.137361
2.153877
2.179303
2.176040
2.173035
2.154835
2.152749
2.132084
2.110931
2.089003
2.091199
2.133698
2.157024
2.130682
2.164622
2.157215
2.218068
2.201432
2.174732
2.142222
2.132682
2.088488
2.090839
2.067004
2.112003
2.154828
2.152727
2.161566
2.153221
2.177161
2.195978
2.217908
2.176938
2.132531
2.120888
2.091611
2.071784
2.086374
2.133432
2.156611
2.132188
2.156616
2.171618
2.193991
2.201023
2.175514
2.159771
2.132284
2.110426
2.071828
2.110951
2.157729
2.177403
2.138866
2.153925
2.195709
2.176419
2.196954
2.204772
2.154014
2.129445
2.116098
2.106022
2.139503
2.154041
2.174689
2.165854
2.172845
2.160673
2.173583
2.221091
2.184510
2.171264
2.135329
2.109927
2.092361
2.110715
2.174178
2.158808
2.132609
2.159991
2.154027
2.174213
2.203559
2.239708
2.204784
2.153996
2.131080
2.120721
2.110857
2.157896
2.177413
2.135338
2.187574
2.171783
2.159490
2.153658
2.203993
2.195893
2.195537
2.154987
2.149350
2.136351
2.110957
2.196186
2.138125
2.152900
2.184701
2.173574
2.173124
2.221661
2.193641
2.196852
2.153948
2.154635
2.140202
2.171228
2.186131
2.133087
2.162534
2.199785
2.175695
2.200678
2.218038
2.205167
2.199962
2.152394
2.135657
2.131253
2.156585
2.173805
2.153777
2.167524
2.175512
2.157807
2.239767
2.196061
2.219885
2.175551
2.157935
2.131247
2.151846
2.180628
2.217488
2.179435
2.170338
2.154777
2.135295
2.217518
2.227020
2.196758
2.152623
2.111896
2.132212
2.142281
2.198328
2.209273
2.187763
2.195148
2.165584
2.196160
2.211415
2.202219
2.175178
2.141443
2.131402
2.154615
2.131565
2.196311
2.176449
2.175227
2.198808
2.237706
2.218448
2.179800
2.151148
2.155464
2.132387
2.111229
2.098233
2.131121
2.177028
2.217266
2.172898
2.174982
2.239765
2.204639
2.170439
2.134568
2.141200
2.110472
2.111870
2.108543
2.120587
2.174398
2.196942
2.200446
2.218203
2.222121
2.237675
2.175328
2.131538
2.110992
2.098399
2.109013
2.110727
2.114975
2.194828
2.198893
2.198034
2.210005
2.243952
2.217872
2.158202
2.132626
2.115488
2.110636
2.111505
2.091467
2.111958
2.181373
2.195819
2.196098
2.204891
2.217381
2.219075
2.154008
2.133937
2.119528
2.113483
2.101131
2.090328
2.139851
2.180596
2.215167
2.206403
2.172979
2.198737
2.187663
2.154954
2.135195
2.130418
2.099293
2.088614
2.110342
2.184535
2.196011
2.181284
2.174652
2.240792
2.220462
2.196754
2.133806
2.133445
2.110397
2.114080
2.091348
2.120738
2.196826
2.206213
2.198073
2.219320
2.250416
2.197933
2.161811
2.135037
2.110830
2.113298
2.108964
2.089609
2.157563
2.195852
2.203649
2.195737
2.225124
2.240032
2.196971
2.160507
2.132591
2.112038
2.111055
2.089793
2.092908
2.131487
2.207035
2.193273
2.199762
2.204707
2.218831
2.183527
2.154080
2.118719
2.110857
2.111706
2.089215
2.088403
2.139079
2.195363
2.195793
2.186336
2.217398
2.243825
2.174476
2.131422
2.111744
2.110461
2.111721
2.086638
2.089697
2.154052
2.175593
2.199968
2.177286
2.224190
2.239504
2.196324
2.141269
2.109979
2.113670
2.109622
2.085762
2.114491
2.151912
2.177273
2.217678
2.199383
2.205212
2.220213
2.199475
2.133590
2.113613
2.095664
2.106620
2.094796
2.109755
2.134167
2.153731
2.195972
2.177021
2.173699
2.200741
2.216655
2.152749
2.112143
2.112668
2.100671
2.087095
2.111841
2.176661
2.154124
2.154884
2.174410
2.176331
2.218250
2.174516
2.157507
2.130445
2.097339
2.088920
2.067532
2.112809
2.173439
2.140278
2.152019
2.204684
2.182110
2.218102
2.182028
2.174871
2.116919
2.143318
2.110788
2.072044
2.112176
2.155848
2.153905
2.154162
2.177534
2.193072
2.243369
2.175455
2.152635
2.112929
2.108035
2.089195
2.086665
2.093251
2.155163
2.153536
2.134109
2.175480
2.204713
2.217550
2.239601
2.158142
2.132702
2.114041
2.089064
2.088912
2.091463
2.153953
2.157521
2.132455
2.174701
2.178226
2.197206
2.199858
2.173430
2.139765
2.094943
2.088523
2.077997
2.088641
2.134931
2.150780
2.131870
2.183368
2.196885
2.199946
2.217311
2.153802
2.131736
2.109947
2.101392
2.067937
2.110949
2.154010
2.174199
2.155028
2.151372
2.162301
2.216255
2.218397
2.161674
2.131092
2.098749
2.088412
2.067848
2.124382
2.153796
2.155827
2.134292
2.177716
2.183844
2.174747
2.199771
2.175466
2.133813
2.129535
2.089742
2.095679
2.131501
2.165336
2.152924
2.129433
2.143855
2.195910
2.203821
2.218127
2.175608
2.133672
2.109672
2.091051
2.089552
2.133381
2.153274
2.131616
2.135947
2.153861
2.162367
2.175052
2.196929
2.182133
2.131631
2.139005
2.088589
2.088400
2.078173
2.135710
2.160196
2.131581
2.139182
2.153919
2.152684
2.178896
2.218559
2.152277
2.130314
2.110739
2.092253
2.067901
2.116701
2.153910
2.159824
2.137318
2.154932
2.217571
2.219176
2.179367
2.154689
2.152158
2.140342
2.091364
2.097379
2.151793
2.153292
2.135378
2.152900
2.165484
2.175613
2.193870
2.247574
2.196827
2.140148
2.112108
2.089029
2.096948
2.153352
2.156018
2.132452
2.155814
2.153911
2.152826
2.219185
2.197016
2.178754
2.153525
2.133048
2.115115
2.066150
2.094635
2.156044
2.185889
2.156942
2.174543
2.155374
2.196246
2.241755
2.198566
2.135562
2.135865
2.110129
2.071248
2.110006
2.152856
2.158791
2.153717
2.155847
2.175337
2.196250
2.203789
2.175263
2.154876
2.110634
2.097237
2.091536
2.109909
2.139443
2.175478
2.135295
2.154142
2.175290
2.217186
2.221169
2.223957
2.152947
2.132515
2.116407
2.089548
2.090293
2.153970
2.152904
2.158576
2.150986
2.140985
2.176167
2.196666
2.202665
2.151904
2.139769
2.111486
2.091592
2.089342
2.132403
2.161696
2.131423
2.165586
2.176048
2.173350
2.208571
2.218386
2.180887
2.132403
2.133224
2.112240
2.089565
2.142250
2.175426
2.157438
2.156672
2.175090
2.162095
2.239148
2.203157
2.198145
2.154313
2.134512
2.109889
2.092604
2.089955
2.131875
2.134378
2.132200
2.162710
2.174237
2.194937
2.198147
2.176563
2.133471
2.111544
2.116317
2.097058
2.097135
2.114792
2.152720
2.165539
2.174433
2.174459
2.182190
2.196862
2.201735
2.132380
2.131308
2.113889
2.086582
2.077474
2.110026
2.197402
2.177720
2.174503
2.185177
2.197613
2.198017
2.201598
2.154232
2.116246
2.111066
2.076030
2.089491
2.131607
2.156053
2.154015
2.134351
2.195778
2.197727
2.242820
2.174421
2.137761
2.108942
2.090786
2.093213
2.091299
2.136380
2.153007
2.137575
2.175436
2.176042
2.200921
2.218490
2.177440
2.134434
2.133311
2.097373
2.088490
2.094915
2.155028
2.153874
2.136677
2.151334
2.155545
2.173751
2.226380
2.177104
2.133179
2.115635
2.110520
2.091503
2.089207
2.153525
2.177397
2.153883
2.161826
2.154017
2.175514
2.197372
2.217392
2.153032
2.131759
2.114712
2.067358
2.088940
2.134413
2.150040
2.156913
2.153886
2.154004
2.200143
2.218487
2.202659
2.153348
2.129360
2.114913
2.089179
2.091093
2.131697
2.155048
2.134352
2.151054
2.161988
2.216510
2.201196
2.218603
2.152949
2.136345
2.111141
2.095464
2.107851
2.132550
2.156578
2.154132
2.155013
2.175657
2.194185
2.222447
2.175151
2.156830
2.131394
2.119157
2.093966
2.133636
2.177917
2.153790
2.155103
2.154159
2.174197
2.179229
2.218050
2.185250
2.153188
2.111062
2.093098
2.089680
2.121035
2.171492
2.153256
2.162085
2.174100
2.184371
2.198496
2.219322
2.203724
2.150142
2.136753
2.109716
2.093782
2.088997
2.152924
2.135478
2.150769
2.176486
2.175459
2.197236
2.219715
2.173542
2.140900
2.132848
2.136439
2.092164
2.110248
2.137824
2.152613
2.157422
2.174358
2.174075
2.176110
2.218427
2.197872
2.155067
2.111053
2.097904
2.086358
2.113226
2.153668
2.186808
2.140206
2.175297
2.184443
2.195683
2.225998
2.199309
2.152624
2.134564
2.110912
2.091420
2.089674
2.131701
2.159798
2.156722
2.201711
2.177777
2.193807
2.228259
2.197119
2.142131
2.132597
2.110844
2.097110
2.107259
2.177498
2.174741
2.157804
2.176122
2.174719
2.208975
2.239960
2.221220
2.154025
2.132252
2.112486
2.089366
2.113291
2.153013
2.154100
2.155887
2.179441
2.184049
2.175689
2.217436
2.179446
2.154395
2.119394
2.110116
2.117723
2.136171
2.176380
2.134425
2.131320
2.155547
2.171992
2.218369
2.202642
2.196163
2.178067
2.130384
2.110324
2.092329
2.130134
2.179312
2.152569
2.151689
2.157613
2.177612
2.176481
2.218543
2.184046
2.142470
2.108527
2.092162
2.084521
2.133277
2.175296
2.175384
2.184458
2.195805
2.187172
2.218424
2.239518
2.179493
2.153841
2.118504
2.110195
2.107997
2.160785
2.172782
2.182970
2.175855
2.182191
2.219801
2.239193
2.195727
2.173752
2.139520
2.121933
2.109112
2.117056
2.153891
2.174311
2.174268
2.175366
2.219139
2.218470
2.181374
2.132023
2.133179
2.114725
2.110893
2.091756
2.134615
2.183477
2.177986
2.175669
2.200919
2.217069
2.202669
2.200164
2.132650
2.118097
2.110945
2.099190
2.110180
2.153954
2.156973
2.151070
2.160735
2.174244
2.217424
2.198040
2.153942
2.140379
2.110879
2.097138
2.093290
2.111780
2.136244
2.153673
2.182223
2.153918
2.175517
2.181287
2.217635
2.198868
2.132300
2.132504
2.113770
2.084612
2.135510
2.175538
2.174749
2.180116
2.174250
2.200755
2.217699
2.183294
2.177819
2.152993
2.138686
2.110923
2.111827
2.132465
2.153089
2.178413
2.176190
2.200926
2.196985
2.194978
2.159735
2.110966
2.114824
2.109998
2.110767
2.102752
2.111243
2.158264
2.175480
2.199618
2.217098
2.196737
2.204538
2.176387
2.116788
2.110089
2.111351
2.113763
2.109924
2.133636
2.175508
2.195810
2.221210
2.240707
2.205693
2.174179
2.153106
2.135594
2.110320
2.112729
2.105437
2.094445
2.153797
2.195832
2.184033
2.176437
2.200714
2.204852
2.217252
2.156512
2.129955
2.118835
2.088613
2.085541
2.091168
2.153010
2.185232
2.152083
2.197565
2.219076
2.196490
2.179843
2.152652
2.153512
2.140926
2.110845
2.091434
2.111038
2.157845
2.152931
2.152736
2.179506
2.196114
2.185262
2.196950
2.152966
2.144416
2.111026
2.096035
2.089620
2.119873
2.178016
2.133396
2.153730
2.176893
2.200232
2.208556
2.218358
2.177465
2.128577
2.115886
2.110114
2.088552
2.112613
2.151802
2.156769
2.155583
2.152236
2.197501
2.239870
2.219427
2.175030
2.131362
2.114117
2.108410
2.112380
2.132671
2.164414
2.153047
2.154597
2.178926
2.196905
2.197646
2.218647
2.153117
2.119034
2.110694
2.072670
2.091456
2.152845
2.157307
2.151944
2.154008
2.173441
2.194567
2.224155
2.197585
2.176126
2.152969
2.119926
2.115451
2.090471
2.111539
2.175022
2.159813
2.175817
2.155348
2.208233
2.218394
2.223264
2.153904
2.151691
2.133295
2.111254
2.092343
2.110311
2.153636
2.163936
2.155073
2.179421
2.195743
2.223324
2.199138
2.172911
2.144562
2.110940
2.096360
2.110319
2.131884
2.154900
2.132808
2.143343
2.176350
2.195582
2.220609
2.197652
2.179451
2.154529
2.110690
2.095988
2.090369
2.120864
2.174524
2.135715
2.132505
2.153980
2.188273
2.218438
2.221134
2.175593
2.134507
2.111713
2.089499
2.091382
2.132387
2.184777
2.136300
2.173800
2.179444
2.174824
2.201911
2.177163
2.132696
2.114773
2.088906
2.075840
2.110253
2.154101
2.154603
2.153899
2.158214
2.172353
2.218136
2.219442
2.196782
2.154013
2.109928
2.097363
2.090532
2.111465
2.160755
2.153041
2.135907
2.154056
2.174321
2.175502
2.217575
2.176332
2.152561
2.110272
2.098614
2.088567
2.112078
2.153553
2.141549
2.138044
2.174712
2.155647
2.196631
2.208977
2.210646
2.152732
2.114850
2.089572
2.093442
2.109992
2.152535
2.153071
2.131466
2.155848
2.151260
2.171187
2.184931
2.239670
2.179667
2.129172
2.116599
2.089808
2.089498
2.121400
2.154168
2.134253
2.150909
2.174507
2.177483
2.198945
2.219175
2.174855
2.151652
2.120162
2.088290
2.093895
2.132587
2.138134
2.159004
2.152645
2.176498
2.194288
2.183457
2.193925
2.151788
2.140307
2.112450
2.110855
2.134355
2.175257
2.139993
2.153015
2.157799
2.174999
2.197883
2.220339
2.174070
2.133304
2.131965
2.089186
2.092790
2.132312
2.181421
2.131508
2.139184
2.153850
2.175677
2.199883
2.197898
2.200990
2.151684
2.127505
2.091414
2.110029
2.073906
2.109293
2.149868
2.163412
2.174794
2.180342
2.236352
2.187458
2.181248
2.152930
2.133348
2.110995
2.093282
2.130889
2.131692
2.112923
2.132267
2.115519
2.176375
2.197296
2.201140
2.219560
2.156652
2.112132
2.116525
2.092795
2.109986
2.156918
2.149198
2.142439
2.153879
2.132516
2.202780
2.195402
2.220329
2.174261
2.154205
2.114710
2.110992
2.118397
2.132449
2.154159
2.163863
2.134147
2.162495
2.176382
2.179407
2.221334
2.196873
2.182108
2.132067
2.090366
2.114517
2.129491
2.155003
2.153815
2.159798
2.148585
2.193777
2.172410
2.195605
2.182097
2.173874
2.129168
2.100410
2.111097
2.137379
2.153940
2.156807
2.152000
2.153916
2.198657
2.216475
2.195696
2.197209
2.132542
2.118875
2.111462
2.091380
2.153052
2.152829
2.135387
2.153883
2.162673
2.192940
2.229958
2.200477
2.218086
2.155985
2.111386
2.114344
2.106857
2.131676
2.183529
2.152581
2.155906
2.174421
2.194870
2.183168
2.194543
2.200847
2.151959
2.132432
2.092934
2.110067
2.134052
2.155758
2.174521
2.157528
2.175511
2.220469
2.214475
2.196525
2.174295
2.154603
2.135130
2.109151
2.118052
2.154058
2.154002
2.143447
2.175524
2.157816
2.193682
2.195969
2.203814
2.174511
2.135537
2.109992
2.088232
2.112623
2.131475
2.159425
2.132764
2.160108
2.164387
2.218445
2.223215
2.194895
2.175675
2.152968
2.131141
2.097016
2.110061
2.158774
2.153319
2.132540
2.138095
2.154842
2.201802
2.216506
2.196778
2.138932
2.132310
2.139336
2.088573
2.103043
2.111845
2.154390
2.177524
2.151065
2.156492
2.196743
2.216078
2.204629
2.150244
2.133995
2.109955
2.110934
2.077588
2.109031
2.135758
2.133106
2.159395
2.162156
2.197952
2.196988
2.193190
2.155209
2.119874
2.110169
2.112628
2.088402
2.090181
2.129181
2.153626
2.161815
2.172370
2.177411
2.196919
2.197142
2.177117
2.134579
2.134499
2.114156
2.114975
2.109974
2.154406
2.203033
2.175501
2.176848
2.223555
2.195811
2.220402
2.154909
2.135749
2.132434
2.111113
2.092634
2.103000
2.160979
2.175383
2.154621
2.182361
2.215222
2.185257
2.175431
2.175017
2.135559
2.130539
2.112939
2.108335
2.099351
2.153993
2.197088
2.175896
2.175132
2.177346
2.239874
2.154773
2.157770
2.153933
2.134557
2.132410
2.109194
2.098152
2.153948
2.155891
2.174329
2.151398
2.197494
2.196007
2.183436
2.174982
2.145286
2.117541
2.091001
2.118824
2.105471
2.158981
2.194764
2.175125
2.200002
2.175244
2.202881
2.196943
2.154136
2.137348
2.129378
2.096203
2.088770
2.095940
2.153367
2.173765
2.202413
2.176306
2.179670
2.176449
2.218709
2.136120
2.153831
2.113576
2.110645
2.091394
2.098324
2.175313
2.204590
2.172474
2.176584
2.204843
2.175409
2.155872
2.133663
2.130656
2.113866
2.114929
2.094280
2.121556
2.199220
2.172647
2.153969
2.185240
2.197863
2.201943
2.195459
2.153936
2.113974
2.114843
2.112465
2.091573
2.132124
2.161936
2.153679
2.144216
2.153918
2.196528
2.222713
2.174385
2.140202
2.133388
2.120934
2.095363
2.088403
2.112600
2.175211
2.227177
2.196949
2.175383
2.204587
2.198820
2.140436
2.131590
2.131246
2.115681
2.111042
2.095281
2.111525
2.181858
2.180107
2.196030
2.203455
2.217277
2.185175
2.153320
2.134173
2.119749
2.089721
2.120025
2.175535
2.152297
2.176075
2.175182
2.181192
2.201454
2.175642
2.162429
2.197152
2.207439
2.175599
2.195881
2.154990
2.154124
2.134518
2.153385
2.182648
2.164970
2.177255
2.163941
2.175518
2.204714
2.223681
2.197903
2.159638
2.155102
2.177389
2.154614
2.176856
2.178016
2.174223
2.156511
2.156094
2.173160
2.199928
2.217975
2.200692
2.196681
2.152824
2.157809
2.153988
2.183295
2.169075
2.173560
2.197855
2.170475
2.158736
2.195118
2.220578
2.242472
2.170389
2.164270
2.154764
2.153002
2.173591
2.171564
2.179911
2.175080
2.180984
2.177162
2.175620
2.226225
2.176262
2.198739
2.183509
2.153810
2.164953
2.196955
2.178844
2.180500
2.197788
2.177240
2.174547
2.204757
2.199296
2.240152
2.138966
2.175177
2.180123
2.154064
2.197031
2.182346
2.197253
2.183166
2.150606
2.196741
2.197916
2.197506
2.179188
2.151511
2.175329
2.154659
2.153938
2.186945
2.196894
2.174473
2.159751
2.152863
2.179349
2.174345
2.216120
2.158689
2.197145
2.157296
2.153985
2.132005
2.177302
2.194815
2.198158
2.172955
2.155861
2.174543
2.192823
2.225694
2.197148
2.176272
2.157520
2.175868
2.158104
2.174946
2.184560
2.183970
2.196961
2.162352
2.175620
2.199203
2.224663
2.196768
2.133921
2.155120
2.154979
2.152735
2.152690
2.177988
2.174494
2.199427
2.153787
2.175099
2.180919
2.239827
2.183995
2.176976
2.155747
2.156896
2.153036
2.179157
2.196484
2.174058
2.161755
2.173647
2.198891
2.196730
2.217762
2.157936
2.154134
2.136399
2.171769
2.131702
2.161031
2.176391
2.180306
2.132728
2.178821
2.195373
2.196633
2.218435
2.176783
2.179391
2.133652
2.154315
2.154771
2.131522
2.177665
2.195414
2.132724
2.199553
2.175534
2.199123
2.239947
2.175705
2.161613
2.153125
2.164644
2.152008
2.153634
2.197445
2.172059
2.184509
2.195923
2.194873
2.198890
2.282263
2.161378
2.153937
2.196448
2.155971
2.132497
2.140698
2.174502
2.185422
2.161253
2.218349
2.200004
2.194439
2.178901
2.185754
2.171984
2.180068
2.196941
2.178234
2.153914
2.176182
2.181193
2.131594
2.218658
2.217978
2.194144
2.187286
2.177079
2.135261
2.152902
2.218562
2.200907
2.174250
2.179180
2.154780
2.154253
2.218352
2.239927
2.205815
2.218971
2.196728
2.156489
2.131122
2.181342
2.191793
2.175805
2.178459
2.173471
2.176403
2.216559
2.197791
2.176477
2.196115
2.199257
2.154330
2.153003
2.198579
2.175174
2.162641
2.156073
2.154900
2.209598
2.216950
2.198664
2.173196
2.151374
2.183611
2.154023
2.154611
2.197406
2.179300
2.155871
2.153791
2.158398
2.218062
2.243824
2.175649
2.135381
2.162489
2.153966
2.162502
2.172417
2.218678
2.204757
2.152724
2.162171
2.153878
2.218746
2.185256
2.196872
2.157866
2.197966
2.153095
2.154874
2.174856
2.221522
2.153540
2.174406
2.156890
2.152799
2.222319
2.197027
2.218274
2.202115
2.175469
2.185401
2.151018
2.174296
2.196005
2.172385
2.178041
2.154283
2.153700
2.204436
2.196203
2.155949
2.195610
2.184894
2.173049
2.152647
2.179218
2.197457
2.154864
2.175143
2.153742
2.157907
2.175368
2.156956
2.175345
2.196894
2.198627
2.175469
2.176200
2.153949
2.217323
2.154558
2.175120
2.177492
2.175499
2.195838
2.177346
2.196903
2.198966
2.217018
2.174204
2.155866
2.153174
2.178100
2.153985
2.206500
2.163437
2.176615
2.206476
2.176640
2.178212
2.183394
2.198912
2.221688
2.197056
2.223856
2.183041
2.176343
2.183995
2.133279
2.175868
2.195933
2.153070
2.182245
2.151144
2.179547
2.175565
2.217989
2.199034
2.174042
2.202793
2.175241
2.153384
2.177232
2.176203
2.154689
2.175031
2.196881
2.176210
2.153901
2.202457
2.196944
2.153581
2.199076
2.153979
2.153742
2.177387
2.131381
2.154876
2.175088
2.155621
2.195248
2.133987
2.137203
2.173529
2.160142
2.155070
2.178653
2.129396
2.194012
2.157619
2.131478
2.177622
2.218420
2.216033
2.204749
2.218370
2.199821
2.173421
2.177574
2.178376
2.132517
2.163137
2.196786
2.153078
2.157802
2.153380
2.222603
2.195686
2.197826
2.200810
2.173148
2.156370
2.193710
2.131241
2.134837
2.174349
2.180963
2.132618
2.174305
2.199318
2.198009
2.210183
2.218428
2.196860
2.179584
2.194993
2.182122
2.130701
2.167249
2.175637
2.171426
2.136444
2.199925
2.199147
2.189432
2.218439
2.200683
2.171120
2.180658
2.223146
2.154781
2.155794
2.173698
2.199609
2.155864
2.128784
2.226491
2.217824
2.208484
2.221448
2.220488
2.177221
2.197911
2.205670
2.159349
2.171484
2.223174
2.218300
2.176418
2.117190
2.175949
2.243859
2.180994
2.199687
2.228897
2.172607
2.221574
2.193713
2.161704
2.175683
2.215871
2.221322
2.176455
2.113758
2.155676
2.217493
2.220345
2.218469
2.229251
2.200974
2.197264
2.228179
2.196959
2.156846
2.199975
2.238926
2.222861
2.156062
2.123888
2.153041
2.218065
2.222329
2.194965
2.240849
2.221814
2.196684
2.200465
2.238672
2.179089
2.184237
2.219138
2.242161
2.261591
2.200195
2.136479
2.174418
2.221166
2.260423
2.219236
2.244517
2.218597
2.183322
2.218022
2.244030
2.163239
2.153863
2.243410
2.218576
2.245976
2.220538
2.132013
2.134084
2.174927
2.229934
2.228690
2.218540
2.228035
2.196971
2.226803
2.242969
2.196835
2.199680
2.240272
2.239491
2.263414
2.195733
2.133748
2.152681
2.245363
2.202441
2.218106
2.219131
2.217685
2.238883
2.219671
2.218395
2.203628
2.218319
2.217383
2.240732
2.258949
2.177630
2.131518
2.131441
2.180401
2.218428
2.219348
2.217564
2.281921
2.221307
2.196964
2.222316
2.195921
2.176215
2.199994
2.239898
2.246653
2.154206
2.111224
2.136429
2.154218
2.200876
2.239548
2.239602
2.241556
2.218179
2.197892
2.219360
2.195995
2.183359
2.257983
2.226193
2.241691
2.133463
2.113150
2.132022
2.177617
2.239289
2.249125
2.202283
2.239709
2.219374
2.195671
2.196322
2.158533
2.238721
2.226027
2.240672
2.152388
2.116179
2.132654
2.155945
2.217958
2.222374
2.212271
2.216050
2.202289
2.218594
2.229133
2.176605
2.198063
2.244425
2.260726
2.198015
2.115429
2.110989
2.136975
2.195895
2.242847
2.243541
2.197938
2.241196
2.200284
2.242673
2.180807
2.174343
2.245800
2.237831
2.249538
2.161083
2.133766
2.135360
2.154993
2.208488
2.239686
2.238812
2.263373
2.282492
2.226848
2.242455
2.262324
2.203606
2.218924
2.281575
2.264214
2.260295
2.198674
2.132268
2.150848
2.180960
2.218378
2.249599
2.263183
2.238722
2.264323
2.218231
2.246550
2.280457
2.218616
2.202763
2.284986
2.284779
2.329158
2.239996
2.155569
2.133791
2.177519
2.175486
2.195998
2.271494
2.282800
2.271099
2.265282
2.240073
2.266442
2.260411
2.218553
2.245241
2.239979
2.306325
2.261180
2.218183
2.158827
2.174349
2.183327
2.175555
2.239115
2.284709
2.239766
2.242059
2.261145
2.260032
2.247157
2.217917
2.223102
2.286356
2.303556
2.262277
2.237391
2.174184
2.144489
2.157987
2.158496
2.196885
2.274490
2.311160
2.282904
2.285437
2.259900
2.237139
2.243298
2.238872
2.268201
2.278281
2.303166
2.220238
2.175401
2.154598
2.153989
2.175429
2.179258
2.238507
2.247823
2.263112
2.240632
2.224420
2.240494
2.248699
2.224669
2.236887
2.262300
2.261281
2.218742
2.143642
2.132609
2.184305
2.197348
2.225253
2.287051
2.240112
2.249351
2.239857
2.217036
2.243379
2.218479
2.224175
2.283078
2.322958
2.242802
2.217518
2.157784
2.132372
2.177356
2.205939
2.261042
2.284831
2.260685
2.260830
2.245512
2.260536
2.220702
2.225430
2.261246
2.308204
2.301363
2.240710
2.178652
2.153093
2.176442
2.175246
2.223615
2.269644
2.261066
2.285677
2.240854
2.236866
2.264098
2.218412
2.229621
2.239472
2.260290
2.331608
2.217252
2.208955
2.134534
2.150953
2.154875
2.195299
2.243888
2.238885
2.239562
2.225389
2.238952
2.224933
2.196475
2.219137
2.264936
2.371976
2.225381
2.187837
2.175377
2.144079
2.111364
2.136595
2.176733
2.219141
2.240618
2.217586
2.227987
2.241922
2.240865
2.223966
2.256919
2.282428
2.353433
2.195722
2.176357
2.174614
2.109960
2.133714
2.154223
2.165725
2.217731
2.289112
2.241631
2.218369
2.219289
2.215462
2.217183
2.241750
2.262139
2.328379
2.259463
2.196947
2.162705
2.131717
2.136924
2.175266
2.218502
2.262969
2.238818
2.248438
2.241289
2.239421
2.246316
2.239966
2.286735
2.349488
2.239139
2.179483
2.156920
2.137142
2.131320
2.133274
2.157759
2.196604
2.263229
2.225609
2.238777
2.219068
2.240928
2.230692
2.241681
2.261414
2.372635
2.196959
2.174563
2.158974
2.133875
2.120775
2.132722
2.145310
2.179109
2.260459
2.231125
2.239642
2.253570
2.230946
2.262633
2.272977
2.389027
2.217885
2.179279
2.154574
2.140150
2.154112
2.153161
2.160959
2.197550
2.264207
2.282648
2.238950
2.285894
2.281341
2.243106
2.239010
2.325981
2.290829
2.261150
2.264587
2.222079
2.175992
2.186866
2.176693
2.139123
2.154030
2.176270
2.242589
2.283540
2.265146
2.267508
2.282690
2.263639
2.261393
2.282064
2.332044
2.282833
2.265377
2.261471
2.217303
2.180112
2.175578
2.159984
2.155370
2.048051
2.290309
2.239792
2.286118
2.305814
2.282846
2.247897
2.261229
2.261845
2.267409
2.282466
2.265344
2.304121
2.239811
2.184862
2.238576
2.283769
2.262196
2.304505
2.306970
2.258655
2.254745
2.243507
2.239389
2.224869
2.239600
2.240128
2.262962
2.303422
2.312968
2.304335
2.238879
2.182412
2.261407
2.276906
2.269547
2.304346
2.313937
2.242256
2.282493
2.247664
2.281986
2.249848
2.260308
2.238611
2.285662
2.327222
2.373969
2.333860
2.305948
2.211002
2.218196
2.324523
2.286153
2.261568
2.328409
2.303922
2.282429
2.311755
2.282153
2.298470
2.247943
2.239731
2.271055
2.260827
2.238701
2.276307
2.389642
2.352467
2.304751
2.242445
2.243266
2.282515
2.243130
2.251024
2.283099
2.242274
2.260878
2.263261
2.271573
2.239084
2.199009
2.218508
2.262432
2.287727
2.324871
2.329460
2.309478
2.264552
2.201200
2.258571
2.286571
2.244094
2.259479
2.264862
2.261358
2.281921
2.262355
2.261457
2.274904
2.260928
2.305282
2.328844
2.347179
2.374038
2.354240
2.278033
2.220308
2.261416
2.325411
2.305154
2.282822
2.327399
2.281017
2.454397
2.395805
2.367737
2.433423
2.286672
2.280024
2.331295
2.351791
2.347488
2.263271
2.282226
2.215471
2.262211
2.367548
2.330705
2.265352
2.282556
2.293040
2.241132
2.281722
2.291216
2.369757
2.328661
2.262747
2.283278
2.288352
2.261034
2.218491
2.178708
2.218766
2.272215
2.326877
2.240591
2.220386
2.282007
2.264419
2.281852
2.260448
2.329260
2.368039
2.252648
2.286362
2.260473
2.242767
2.220857
2.198027
2.200510
2.217607
2.249036
2.303337
2.283143
2.244071
2.261391
2.266164
2.258267
2.305387
2.352403
2.281798
2.331691
2.285683
2.240776
2.219337
2.219342
2.206846
2.160026
2.174560
2.205763
2.282552
2.334682
2.245906
2.153409
2.155823
2.153244
2.143529
2.135736
2.156240
2.141957
2.154083
2.160896
2.152703
2.135208
2.133757
2.155066
2.140203
2.174390
2.154554
2.139581
2.155689
2.158029
2.154735
2.158792
2.178802
2.156720
2.160710
2.153141
2.153990
2.153667
2.175214
2.158784
2.191385
2.172837
2.174511
2.176532
2.173577
2.194862
2.182872
2.217806

