2.217429
2.261756
2.281485
2.260155
2.285049
2.299377
2.387121
2.347312
2.388489
2.416385
2.369295
2.304340
2.305343
2.303191
2.280814
2.287184
2.406145
2.372012
2.282612
2.236306
2.249663
2.278136
2.239015
2.239075
2.296976
2.290109
2.259237
2.314525
2.325506
2.367522
2.305704
2.323549
2.298461
2.326933
2.432788
2.327610
2.309528
2.322345
2.305324
2.341306
2.363062
2.378672
2.320187
2.304530
2.282140
2.323458
2.244608
2.233564
2.259477
2.195893
2.300923
2.325251
2.407190
2.341849
2.395167
2.406024
2.366219
2.351606
2.301321
2.331711
2.371134
2.514510
2.607620
2.350226
2.385631
2.306576
2.282076
2.275562
2.256005
2.232296
2.225210
2.214730
2.260621
2.287922
2.365135
2.331133
2.306226
2.344117
2.390194
2.368843
2.455502
2.538405
2.453169
2.367535
2.330147
2.303188
2.284902
2.322334
2.361965
2.306013
2.260339
2.253461
2.288716
2.257884
2.242605
2.236131
2.234961
2.219897
2.218477
2.219281
2.218562
2.233521
2.236755
2.239744
2.287406
2.303034
2.369624
2.408419
2.405228
2.363938
2.349249
2.432906
2.354595
2.392304
2.347430
2.335843
2.431868
2.347433
2.313959
2.304781
2.340240
2.393503
2.412919
2.345365
2.291691
2.303454
2.304969
2.326530
2.345550
2.349688
2.322653
2.287424
2.370687
2.325853
2.284640
2.278831
2.301859
2.264233
2.261646
2.378527
2.434146
2.427363
2.397107
2.362623
2.345466
2.317157
2.390148
2.349997
2.306153
2.407370
2.368866
2.322230
2.300072
2.284846
2.278111
2.323570
2.278815
2.278896
2.272026
2.236971
2.261718
2.284742
2.278376
2.306168
2.345314
2.345876
2.353573
2.365010
2.344146
2.350282
2.366228
2.354306
2.345626
2.369166
2.365414
2.427376
2.365717
2.368768
2.347141
2.371412
2.322518
2.324836
2.286263
2.280212
2.238136
2.243556
2.260318
2.283771
2.150301
2.346286
2.358423
2.390867
2.396845
2.371472
2.343551
2.352201
2.349362
2.365892
2.356565
2.385156
2.364899
2.325920
2.279991
2.271157
2.259534
2.277024
2.277375
2.304454
2.321732
2.336376
2.342404
2.414688
2.418590
2.369024
2.350762
2.304544
2.347200
2.306452
2.408865
2.410042
2.357164
2.389844
2.327882
2.303657
2.282920
2.308639
2.326210
2.356331
2.308181
2.346551
2.456197
2.387118
2.387746
2.357234
2.369586
2.346557
2.354222
2.391656
2.378176
2.392856
2.392439
2.438462
2.413135
2.412179
2.391958
2.346759
2.281810
2.326874
2.455405
2.350247
2.349315
2.341001
2.308351
2.304353
2.299237
2.265185
2.302239
2.328120
2.304405
2.283485
2.305044
2.323894
2.447187
2.351178
2.361878
2.357296
2.393044
2.343209
2.371944
2.387540
2.343434
2.388808
2.388354
2.469552
2.435082
2.362810
2.312410
2.354888
2.317951
2.338713
2.408041
2.384064
2.371656
2.348435
2.326763
2.343890
2.345907
2.283517
2.257746
2.277993
2.282672
2.321924
2.351674
2.327708
2.299410
2.376620
2.304805
2.389052
2.390569
2.412938
2.438330
2.433930
2.406346
2.326251
2.304721
2.300328
2.262080
2.237807
2.271966
2.283946
2.259187
2.314642
2.320939
2.302422
2.304349
2.303427
2.301422
2.328637
2.318670
2.431557
2.366008
2.363672
2.370978
2.343660
2.351230
2.391932
2.362404
2.344150
2.408467
2.386991
2.387332
2.303298
2.300141
2.265896
2.276808
2.239690
2.260645
2.300018
2.306509
2.300735
2.290460
2.311170
2.321488
2.350529
2.324718
2.368758
2.326024
2.408569
2.409692
2.348481
2.384547
2.371465
2.331488
2.324017
2.390716
2.385517
2.365875
2.349919
2.323550
2.284459
2.222986
2.258208
2.292310
2.281759
2.239524
2.267009
2.277928
2.240067
2.237640
2.262082
2.309514
2.302322
2.308401
2.326743
2.365630
2.321879
2.388410
2.364773
2.374426
2.347949
2.432707
2.367610
2.342383
2.305185
2.324830
2.276602
2.220480
2.259412
2.303542
2.287264
2.261719
2.310228
2.305019
2.363990
2.303629
2.347292
2.313297
2.327841
2.324928
2.334984
2.325461
2.363586
2.328521
2.362873
2.407019
2.393177
2.365899
2.391258
2.390600
2.346603
2.348423
2.306155
2.309686
2.331635
2.325843
2.326732
2.387219
2.348154
2.324973
2.345820
2.325815
2.346358
2.323654
2.304884
2.342420
2.319531
2.368364
2.345452
2.387572
2.331341
2.425684
2.368808
2.325563
2.429189
2.371024
2.341669
2.257767
2.284756
2.325968
2.377719
2.328181
2.322622
2.357939
2.367885
2.408679
2.388373
2.343470
2.352830
2.346069
2.340622
2.350142
2.366930
2.363964
2.287566
2.347356
2.365421
2.329862
2.387086
2.311542
2.289044
2.281810
2.263334
2.258678
2.279674
2.349494
2.346352
2.345286
2.390173
2.391252
2.369513
2.383734
2.363305
2.374991
2.342584
2.351167
2.359052
2.411665
2.368724
2.341364
2.385911
2.387605
2.366696
2.345885
2.349437
2.322699
2.308350
2.270835
2.259697
2.306354
2.343451
2.346191
2.330401
2.389293
2.366806
2.390932
2.341955
2.397013
2.350265
2.345967
2.371209
2.340228
2.434158
2.366822
2.345909
2.328516
2.324130
2.433294
2.392154
2.383145
2.404830
2.392277
2.407908
2.327728
2.334573
2.326285
2.327956
2.367938
2.410417
2.432445
2.426391
2.365394
2.407174
2.346440
2.354928
2.368876
2.431336
2.434914
2.387105
2.346414
2.305438
2.261370
2.280899
2.265500
2.258519
2.313023
2.298628
2.300166
2.325486
2.365256
2.368768
2.390899
2.346824
2.325974
2.347122
2.345973
2.347163
2.387240
2.432944
2.419227
2.408137
2.433173
2.347199
2.339812
2.326316
2.369835
2.345116
2.325811
2.343419
2.329207
2.310880
2.238035
2.265154
2.254838
2.283089
2.370851
2.434012
2.376430
2.350442
2.433158
2.369458
2.392571
2.325168
2.336764
2.347768
2.346083
2.347638
2.322519
2.287655
2.243599
2.253323
2.301358
2.281853
2.342240
2.323721
2.347302
2.332639
2.365624
2.452793
2.434822
2.368015
2.364493
2.346443
2.360927
2.432608
2.428477
2.403809
2.347037
2.465520
2.490395
2.348880
2.329760
2.384412
2.372929
2.390053
2.353571
2.327804
2.322621
2.327657
2.320783
2.344087
2.354029
2.341971
2.324347
2.330247
2.366833
2.366222
2.379999
2.429992
2.370738
2.406291
2.319986
2.375323
2.429241
2.386465
2.350179
2.386703
2.351277
2.328179
2.299383
2.280100
2.285265
2.342244
2.411860
2.368861
2.369589
2.432079
2.366730
2.407986
2.387382
2.407138
2.369820
2.368704
2.385753
2.350198
2.390192
2.365962
2.376919
2.302377
2.284718
2.278951
2.342661
2.282312
2.345118
2.348029
2.323812
2.279617
2.282755
2.303509
2.341033
2.411675
2.404374
2.371689
2.411708
2.403661
2.434175
2.407522
2.426533
2.368858
2.346404
2.364892
2.374384
2.367423
2.369546
2.306938
2.260212
2.263383
2.233991
2.260938
2.288415
2.323088
2.331702
2.300455
2.322668
2.328669
2.324206
2.335549
2.351063
2.363899
2.356199
2.370198
2.368479
2.374033
2.385394
2.385072
2.395617
2.362584
2.373714
2.401963
2.385631
2.349039
2.322585
2.260117
2.269021
2.279195
2.325641
2.433069
2.427353
2.327739
2.299263
2.341628
2.412071
2.405379
2.343663
2.376620
2.342284
2.323793
2.392533
2.364257
2.351181
2.362894
2.342562
2.411754
2.383181
2.368232
2.343448
2.385024
2.397048
2.392282
2.323048
2.244547
2.255372
2.299624
2.262418
2.433277
2.453363
2.311450
2.300349
2.283563
2.344811
2.386287
2.412862
2.407726
2.390814
2.370580
2.344920
2.345144
2.347476
2.347315
2.367551
2.387070
2.408745
2.396876
2.361885
2.348148
2.334361
2.343499
2.376155
2.390077
2.367184
2.348569
2.368894
2.372841
2.327818
2.431686
2.478562
2.371282
2.366765
2.289201
2.324662
2.363842
2.432203
2.408935
2.348330
2.324244
2.282854
2.330590
2.319099
2.346827
2.371153
2.364118
2.373768
2.368925
2.406483
2.391704
2.366550
2.363627
2.373826
2.365937
2.321074
2.338620
2.383781
2.333519
2.389508
2.452620
2.360796
2.366679
2.342051
2.388527
2.383737
2.406983
2.370776
2.367827
2.313959
2.305393
2.365177
2.370392
2.323749
2.365252
2.414855
2.388190
2.387566
2.387260
2.405934
2.351008
2.345882
2.364885
2.439323
2.366204
2.382345
2.379237
2.350295
2.362078
2.364175
2.363542
2.343092
2.368194
2.496863
2.434769
2.405058
2.494246
2.411809
2.408211
2.408155
2.434613
2.385300
2.374703
2.306317
2.324727
2.348545
2.343354
2.368854
2.440198
2.403218
2.407381
2.366095
2.386414
2.373000
2.369905
2.365600
2.349805
2.364525
2.366529
2.323682
2.387540
2.367271
2.347154
2.364853
2.334368
2.370471
2.342368
2.335148
2.409088
2.623390
2.434407
2.389343
2.430881
2.453548
2.433297
2.420092
2.392004
2.369339
2.402194
2.349288
2.367886
2.349164
2.430005
2.367715
2.381223
2.355784
2.333734
2.346247
2.344497
2.331087
2.364366
2.386470
2.351275
2.319272
2.325347
2.370500
2.344023
2.372847
2.465432
2.433848
2.394266
2.321140
2.344345
2.349456
2.430959
2.343562
2.348311
2.430539
2.392142
2.377730
2.411687
2.366890
2.323573
2.365763
2.352879
2.343798
2.354132
2.303538
2.318130
2.324014
2.344088
2.365476
2.326833
2.321170
2.326630
2.371563
2.389363
2.397384
2.384711
2.341382
2.308097
2.342212
2.413341
2.421187
2.325650
2.388320
2.439264
2.389643
2.372011
2.364888
2.347620
2.373053
2.349920
2.325023
2.330680
2.324925
2.326806
2.394090
2.343606
2.328927
2.304318
2.297336
2.365976
2.366917
2.371726
2.366441
2.369875
2.305555
2.344424
2.450768
2.439326
2.362079
2.390187
2.414625
2.390253
2.370937
2.373504
2.303039
2.326820
2.322549
2.322030
2.348147
2.325897
2.369517
2.348329
2.342214
2.373396
2.344193
2.320741
2.329739
2.341293
2.349246
2.365146
2.322923
2.397176
2.455586
2.366668
2.388057
2.470359
2.429438
2.413864
2.363635
2.343764
2.347229
2.342198
2.333111
2.399261
2.409773
2.357099
2.348546
2.344384
2.346135
2.300477
2.302603
2.369540
2.321694
2.306687
2.325443
2.341289
2.304093
2.325995
2.303762
2.414783
2.385692
2.349047
2.426169
2.447133
2.370919
2.364851
2.389798
2.433066
2.410291
2.409137
2.335342
2.346252
2.368804
2.346916
2.365865
2.378531
2.407705
2.366109
2.367609
2.366846
2.326721
2.313956
2.364328
2.336266
2.324872
2.342275
2.362043
2.343709
2.327150
2.334281
2.342203
2.347712
2.318527
2.369105
2.460547
2.408134
2.393124
2.408730
2.430683
2.483066
2.392137
2.453781
2.349918
2.390492
2.368692
2.370602
2.368901
2.387802
2.374640
2.387643
2.409845
2.328619
2.341685
2.352622
2.367418
2.347612
2.402792
2.367585
2.356987
2.349424
2.345511
2.308357
2.343342
2.366971
2.370127
2.369047
2.304648
2.324533
2.368215
2.480115
2.437093
2.452716
2.452770
2.453758
2.347120
2.371423
2.411003
2.367974
2.478592
2.367441
2.397256
2.329200
2.345370
2.349538
2.347061
2.342673
2.376793
2.342077
2.345397
2.327296
2.343399
2.303169
2.284287
2.320551
2.348681
2.390221
2.324842
2.327606
2.370922
2.441179
2.412425
2.474021
2.413483
2.504550
2.431792
2.412803
2.388280
2.448942
2.391199
2.434259
2.453089
2.435301
2.433462
2.353063
2.328763
2.362119
2.345999
2.362992
2.367724
2.351042
2.325022
2.322302
2.323755
2.883349
3.064693
2.990525
3.012329
2.985911
2.946536
2.926381
2.931743
2.906714
2.863901
2.854161
2.864296
2.878928
2.307802
2.285149
2.089461
2.089370
2.085394
2.323172
2.388223
2.368928
2.359967
2.363954
2.343593
2.349664
2.322504
2.347777
2.353800
2.301475
2.310162
2.299270
2.346330
2.389364
2.344125
2.329845
2.346561
2.363046
2.432703
2.395179
2.512085
2.521044
2.410255
2.405791
2.413034
2.391454
2.454054
2.389767
2.410732
2.413718
2.368279
2.364955
2.375730
2.370822
2.367475
2.354144
2.368316
2.322960
2.327810
2.344438
2.180438
2.068061
2.326032
2.404912
2.347354
2.352540
2.371715
2.368878
2.372199
2.288330
2.327125
2.387380
2.361624
2.344393
2.352114
2.347514
2.360890
2.334701
2.349702
2.372699
2.368917
2.347292
2.354902
2.367182
2.395890
2.457769
2.476388
2.412891
2.373862
2.367768
2.366854
2.406422
2.405440
2.391407
2.434112
2.469606
2.454557
2.455915
2.429348
2.387011
2.386774
2.458324
2.386607
2.387475
2.433713
2.361840
2.347348
2.362365
2.390231
2.367302
2.330763
2.385264
2.367586
2.385343
2.390154
2.392728
2.364602
2.346428
2.331494
2.388968
2.421425
2.500130
2.470362
2.415776
2.386332
2.321279
2.393051
2.390464
2.406965
2.412855
2.412933
2.429353
2.434871
2.451974
2.413161
2.398379
2.389079
2.431135
2.412509
2.385346
2.370222
2.365763
2.386984
2.372715
2.345981
2.393483
2.415761
2.384683
2.348080
2.367078
2.366000
2.347032
2.368611
2.410462
2.393586
2.408964
2.435237
2.415216
2.387407
2.440100
2.437409
2.472729
2.348180
2.476751
2.390488
2.393157
2.430212
2.390578
2.458290
2.427664
2.377042
2.387632
2.389826
2.403565
2.403193
2.347657
2.391896
2.411198
2.410646
2.413682
2.390593
2.391729
2.372186
2.365664
2.395986
2.407701
2.389456
2.376638
2.365602
2.409912
2.499193
2.518041
2.410494
2.435929
2.495732
2.545857
2.461160
2.472192
2.435263
2.530918
2.407100
2.422287
2.415714
2.432299
2.434322
2.390175
2.387385
2.357711
2.369434
2.365992
2.401759
2.366251
2.387082
2.369648
2.386261
2.389036
2.386353
2.363733
2.330622
2.883740
3.031371
2.712129
2.088578
2.215068
2.351164
2.405702
2.409577
2.434913
2.453768
2.473191
2.396062
2.366828
2.381509
2.392273
2.385250
2.376143
2.386066
2.409531
2.396394
2.365793
2.346970
2.374700
2.345571
2.328581
2.305953
2.282866
2.292304
2.279536
2.344764
2.649190
2.603156
2.604615
2.606664
2.626280
2.625292
2.630520
2.621402
2.604980
2.634123
2.629348
2.606497
2.603721
2.615015
2.602718
2.609873
2.610994
2.624753
2.634772
2.631660
2.646065
2.624651
2.633375
2.626225
2.432231
2.266797
2.370097
2.398446
2.348388
2.261335
2.369623
2.365257
2.347236
2.391604
2.433195
2.486030
2.415373
2.384127
2.396468
2.347375
2.387894
2.437466
2.408027
2.384945
2.433185
2.433744
2.410400
2.392143
2.365084
2.372900
2.392458
2.390275
2.411845
2.366567
2.349889
2.337775
2.365702
2.346107
2.378067
2.407577
2.392140
2.341625
2.348596
2.393168
2.347499
2.367886
2.390073
2.411365
2.408395
2.348273
2.346508
2.390827
2.412446
2.409899
2.392894
2.385799
2.367279
2.369867
2.429120
2.410296
2.382109
2.412071
2.420187
2.413671
2.390107
2.353082
2.366917
2.411699
2.374275
2.364828
2.388366
2.377281
2.325126
2.317843
2.355188
2.370535
2.329710
2.346174
2.349381
2.413391
2.411577
2.390281
2.389088
2.432224
2.439180
2.477103
2.476256
2.397913
2.416120
2.497242
2.371521
2.407742
2.408309
2.368851
2.407066
2.347082
2.327841
2.364009
2.363856
2.345786
2.365870
2.349210
2.384819
2.364653
2.332707
2.304805
2.345735
2.324511
2.365995
2.366801
2.367458
2.471080
2.434557
2.391142
2.345133
2.353893
2.368011
2.353716
2.343592
2.386008
2.394839
2.389885
2.387322
2.349330
2.303275
2.324418
2.330036
2.345933
2.347233
2.349969
2.345098
2.333440
2.325713
2.318824
2.368135
2.347336
2.351268
2.413183
2.368699
2.366802
2.367990
2.324266
2.352258
2.342254
2.357010
2.370584
2.407650
2.370750
2.345172
2.322864
2.329558
2.369379
2.304320
2.305510
2.388279
2.324853
2.329626
2.322600
2.327698
2.369101
2.319616
2.327875
2.387654
2.435856
2.332394
2.347737
2.348361
2.346603
2.365751
2.350919
2.325517
2.331087
2.327371
2.302227
2.305788
2.301320
2.345867
2.376918
2.362975
2.353078
2.389022
2.388357
2.334225
2.326796
2.324027
2.285144
2.324146
2.323395
2.352189
2.321467
2.330121
2.327505
2.302445
2.288003
2.322403
2.303796
2.286629
2.298966
2.305734
2.347534
2.326068
2.349994
2.387426
2.368635
2.329985
2.324820
2.328379
2.353072
2.365959
2.376433
2.323665
2.367844
2.352652
2.345310
2.329039
2.328454
2.303495
2.263984
2.302386
2.345415
2.354253
2.365491
2.375921
2.412266
2.385203
2.350468
2.325524
2.282962
2.310258
2.301444
2.364355
2.349913
2.325821
2.353128
2.391271
2.349231
2.349997
2.325771
2.302886
2.281735
2.303675
2.283449
2.302292
2.282323
2.329651
2.325832
2.326243
2.330249
2.303443
2.286729
2.391384
2.367757
2.286539
2.346862
2.362840
2.331399
2.301276
2.288909
2.306540
2.281853
2.312364
2.343394
2.299364
2.268413
2.283535
2.304086
2.280044
2.260109
2.285119
2.389730
2.315291
2.311219
2.324997
2.331568
2.306140
2.344480
2.287285
2.326104
2.269441
2.285190
2.277809
2.283782
2.286181
2.262196
2.268602
2.302323
2.243686
2.357400
2.319716
2.262112
2.344155
2.346653
2.306359
2.282568
2.308131
2.303394
2.260725
2.262045
2.260151
2.304649
2.276731
2.280961
2.270134
2.350120
2.280143
2.292554
2.347091
2.308920
2.307811
2.303441
2.289872
2.301609
2.302051
2.354133
2.239023
2.263393
2.284256
2.278600
2.263182
2.257055
2.265067
2.291859
2.279609
2.294647
2.301345
2.320756
2.258044
2.280699
2.289495
2.301988
2.320987
2.263818
2.278784
2.320021
2.262239
2.278314
2.305316
2.282917
2.281122
2.240815
2.303062
2.283970
2.315566
2.368876
2.292982
2.261371
2.261044
2.270161
2.239958
2.286982
2.282567
2.343707
2.282531
2.301270
2.310110
2.264325
2.277774
2.242773
2.365071
2.324673
2.261147
2.323977
2.312323
2.319013
2.344114
2.329558
2.281848
2.256234
2.262432
2.261391
2.277111
2.260190
2.282239
2.248793
2.258515
2.308996
2.283410
2.282116
2.310318
2.284331
2.325557
2.290829
2.305670
2.287203
2.260111
2.260440
2.287803
2.281059
2.284089
2.253838
2.259596
2.262879
2.260177
2.283915
2.339452
2.282425
2.306270
2.325555
2.282903
2.308317
2.282140
2.285941
2.243299
2.259037
2.265276
2.282093
2.258592
2.282296
2.305617
2.282728
2.293059
2.239785
2.324867
2.283074
2.306519
2.327351
2.325441
2.332500
2.324763
2.322042
2.310898
2.281633
2.293339
2.301644
2.276539
2.301838
2.317978
2.345955
2.328615
2.305231
2.243617
2.350033
2.347417
2.304564
2.300370
2.347392
2.347951
2.321836
2.326887
2.326084
2.282734
2.262028
2.283979
2.301567
2.305425
2.321149
2.325676
2.349386
2.300160
2.267057
2.282919
2.347744
2.322785
2.303132
2.329660
2.366565
2.327618
2.350455
2.344540
2.303311
2.290862
2.278017
2.302082
2.300315
2.345745
2.332543
2.304503
2.281752
2.282451
2.323654
2.349203
2.325696
2.299861
2.283077
2.308335
2.321759
2.326683
2.366748
2.351159
2.325681
2.320186
2.306326
2.323791
2.302688
2.327871
2.325740
2.305335
2.316482
2.282782
2.332779
2.366555
2.321400
2.348311
2.347322
2.371324
2.307854
2.303457
2.333879
2.346457
2.322320
2.328933
2.301067
2.305339
2.309659
2.346837
2.309614
2.282809
2.344979
2.347224
2.347419
2.304894
2.335546
2.282276
2.411109
2.368488
2.299131
2.270566
2.325882
2.305076
2.352948
2.324439
2.349855
2.325640
2.301320
2.308059
2.280840
2.306287
2.300311
2.318651
2.305223
2.389498
2.369102
2.334969
2.302205
2.272256
2.284262
2.301402
2.393005
2.410943
2.281755
2.304834
2.367916
2.353676
2.355084
2.344233
2.285818
2.281952
2.281818
2.285786
2.302988
2.284078
2.280765
2.344709
2.351761
2.347511
2.326014
2.305094
2.303597
2.261604
2.311106
2.347277
2.312542
2.282688
2.301533
2.330390
2.304578
2.327694
2.299853
2.325373
2.287202
2.280475
2.323284
2.311926
2.325591
2.351203
2.302248
2.305836
2.287296
2.280094
2.373340
2.352952
2.282701
2.309075
2.325997
2.322808
2.285764
2.327275
2.333793
2.291370
2.320643
2.308913
2.327748
2.368673
2.308276
2.324406
2.306215
2.308183
2.346786
2.318058
2.330746
2.347069
2.372303
2.339230
2.292418
2.265208
2.303077
2.327933
2.303641
2.324882
2.289589
2.304229
2.305627
2.309294
2.345444
2.357311
2.344875
2.389676
2.312455
2.346004
2.336568
2.370610
2.344266
2.306145
2.347227
2.453785
2.413689
2.304408
2.282182
2.308383
2.346804
2.310085
2.305123
2.346853
2.327924
2.368775
2.342053
2.323598
2.345173
2.324284
2.347906
2.325661
2.324799
2.304159
2.324695
2.306420
2.325346
2.323979
2.349165
2.258535
2.292308
2.324750
2.343716
2.330585
2.303086
2.325686
2.343698
2.324893
2.370799
2.322939
2.349425
2.328081
2.346505
2.329992
2.332523
2.341400
2.329953
2.343845
2.300831
2.302162
2.260094
2.271994
2.281475
2.304255
2.310165
2.342225
2.344059
2.372697
2.367414
2.349805
2.331668
2.327837
2.374504
2.346145
2.346326
2.333783
2.326970
2.307866
2.379207
2.430198
2.312663
2.282881
2.325504
2.333636
2.304043
2.303289
2.331672
2.325331
2.328316
2.319861
2.283719
2.378315
2.368001
2.328980
2.331799
2.302320
2.329865
2.301133
2.368859
2.373943
2.283568
2.308633
2.308227
2.303837
2.307158
2.369629
2.281563
2.289350
2.321983
2.287142
2.307210
2.302343
2.307503
2.303675
2.326138
2.307343
2.304260
2.327657
2.261701
2.241505
2.268918
2.367848
2.303614
2.284916
2.304429
2.305183
2.304344
2.282377
2.268187
2.283283
2.312265
2.309183
2.303127
2.270357
2.389110
2.322035
2.249612
2.261326
2.265919
2.281246
2.262213
2.283133
2.282795
2.327123
2.331662
2.282712
2.303655
2.300459
2.304125
2.284998
2.261079
2.265422
2.352483
2.280830
2.248749
2.260993
2.325444
2.286970
2.261470
2.268767
2.282567
2.303974
2.311054
2.282857
2.351226
2.305396
2.307429
2.308458
2.259972
2.303576
2.415193
2.283348
2.269621
2.283540
2.282675
2.268702
2.325652
2.281790
2.285481
2.280967
2.306201
2.256562
2.301955
2.309262
2.326208
2.269067
2.262823
2.323007
2.398730
2.261079
2.239084
2.296705
2.261362
2.270167
2.348654
2.323390
2.329516
2.325736
2.323047
2.350204
2.325745
2.288694
2.305916
2.283448
2.290925
2.304294
2.385483
2.352780
2.282542
2.285761
2.282875
2.283430
2.293279
2.282271
2.354503
2.308428
2.282839
2.350082
2.325192
2.321746
2.315171
2.347556
2.281756
2.285394
2.240112
2.372126
2.410880
2.260400
2.283284
2.281960
2.289368
2.308547
2.303405
2.307134
2.303756
2.260939
2.305069
2.302101
2.331685
2.351551
2.303997
2.289753
2.305436
2.371006
2.392301
2.305281
2.292532
2.291685
2.281787
2.306100
2.304666
2.371115
2.369796
2.325453
2.337829
2.329470
2.324500
2.326651
2.304249
2.367632
2.374560
2.391111
2.372750
2.371379
2.345117
2.347357
2.303754
2.300771
2.333845
2.284630
2.287761
2.307426
2.346076
2.352165
2.363037
2.322844
2.345036
2.324210
2.355914
2.350399
2.365844
2.348197
2.325664
2.368522
2.352222
2.303478
2.326263
2.270930
2.322844
2.305913
2.332836
2.347530
2.308501
2.325154
2.347256
2.354672
2.354313
2.326864
2.348338
2.367601
2.369538
2.346453
2.369458
2.360846
2.325886
2.326546
2.352348
2.367450
2.391236
2.346904
2.345252
2.305872
2.283537
2.336208
2.325818
2.325858
2.314120
2.323493
2.366756
2.350406
2.325852
2.331183
2.346258
2.344940
2.371702
2.323998
2.366150
2.371466
2.367932
2.345776
2.331346
2.302363
2.307842
2.268198
2.257450
2.288610
2.345467
2.303515
2.307030
2.346271
2.309074
2.324736
2.326482
2.329663
2.303100
2.367900
2.314228
2.304204
2.392776
2.329483
2.389523
2.331333
2.325874
2.303128
2.286392
2.262920
2.305828
2.348606
2.347269
2.305917
2.280146
2.326067
2.328525
2.301205
2.292723
2.325537
2.346349
2.329681
2.325730
2.324513
2.350290
2.304163
2.284431
2.287081
2.304355
2.246111
2.260511
2.309621
2.369797
2.324861
2.307042
2.306330
2.301647
2.392240
2.323840
2.281762
2.308190
2.301966
2.306641
2.325793
2.391067
2.305687
2.300926
2.281311
2.262028
2.259028
2.261165
2.280840
2.330649
2.294631
2.301239
2.310437
2.308345
2.301778
2.317850
2.303466
2.324849
2.327632
2.304521
2.332161
2.307274
2.342900
2.332906
2.284470
2.281891
2.266349
2.259996
2.290600
2.283925
2.303776
2.294223
2.303312
2.306705
2.308990
2.325748
2.330814
2.283783
2.300719
2.326463
2.325151
2.348021
2.309160
2.410814
2.352393
2.324783
2.278938
2.306265
2.257650
2.287865
2.286674
2.327030
2.307151
2.304363
2.320725
2.351313
2.347809
2.349050
2.347655
2.346168
2.325292
2.367658
2.303403
2.326782
2.368469
2.394926
2.327158
2.281786
2.284508
2.279767
2.303578
2.306322
2.282263
2.307682
2.328807
2.344471
2.374796
2.324951
2.325902
2.355039
2.345893
2.326675
2.350868
2.322775
2.306184
2.344960
2.369479
2.329372
2.304212
2.330556
2.327154
2.285144
2.283794
2.281661
2.281676
2.285886
2.283639
2.312189
2.282279
2.367978
2.329194
2.347548
2.346297
2.348842
2.301113
2.311179
2.303841
2.304334
2.334850
2.284772
2.301767
2.291618
2.322905
2.269085
3.108893
2.928091
2.882245
2.767628
2.693759
2.712456
2.673777
2.705316
2.755682
2.793575
2.720288
2.690980
2.733004
2.678265
2.693887
2.776962
2.681253
2.722151
2.798398
2.713367
2.715470
2.734029
2.690676
2.738068
2.840000
2.798595
2.733436
2.802427
2.809169
2.797236
3.015635
2.866494
2.798358
2.991545
2.974209
2.520655
2.325597
2.353377
2.326244
2.323778
2.326733
2.303861
2.320764
2.328918
2.325770
2.327908
2.311849
2.306534
2.327290
2.388205
2.301081
2.306285
2.304392
2.286234
2.259725
2.281779
2.308668
2.304297
2.282552
2.307369
2.304306
2.354892
2.301874
2.302195
2.291421
2.303604
2.332789
2.285779
2.367891
2.331663
2.302258
2.283717
2.271208
2.239743
2.284365
2.330032
2.346675
2.325924
2.303800
2.282214
2.351182
2.343645
2.296493
2.291369
2.283190
2.310894
2.279275
2.303029
2.355565
2.304610
2.285807
2.282653
2.240406
2.284811
2.305659
2.289422
2.289645
2.348300
2.328407
2.345423
2.325097
2.307884
2.345606
2.323168
2.307357
2.303837
2.349951
2.369050
2.261085
2.285869
2.283161
2.238891
2.285693
2.345705
2.347686
2.280562
2.305123
2.263425
2.282535
2.328754
2.308022
2.302621
2.273994
2.319679
2.276611
2.310902
2.279660
2.243702
2.258917
2.240083
2.220872
2.280853
2.288908
2.301715
2.303114
2.305726
2.283474
2.282134
2.328413
2.282561
2.288800
2.261534
2.279706
2.241903
2.343449
2.288665
2.263216
2.261079
2.222527
2.261334
2.279788
2.281892
2.282912
2.284538
2.260967
2.283019
2.290696
2.283241
2.291224
2.315685
2.277435
2.263449
2.342843
2.325765
2.262523
2.282112
2.236981
2.283080
2.346621
2.326937
2.302953
2.282186
2.266208
2.281917
2.310186
2.284363
2.301126
2.307992
2.305245
2.287745
2.307574
2.324484
2.310109
2.240166
2.237128
2.269285
2.261203
2.284286
2.304212
2.241333
2.285288
2.300070
2.307262
2.294477
2.259312
2.248877
2.236896
2.305562
2.282646
2.261068
2.198516
2.171575
2.238512
2.263038
2.236970
2.249265
2.238830
2.262078
2.348935
2.262336
2.288209
2.284572
2.282881
2.244592
2.319483
2.261669
2.223425
2.218403
2.244871
2.367788
2.299864
2.260333
2.301476
2.237344
2.306008
2.299374
2.286366
2.296528
2.279571
2.298283
2.260899
2.289959
2.371541
2.260473
2.246133
2.194803
2.218069
2.307706
2.278893
2.304183
2.299494
2.257894
2.333637
2.277957
2.262945
2.290189
2.326167
2.263607
2.303332
2.303361
2.306243
2.303183
2.245498
2.259362
2.239160
2.241889
2.282734
2.305021
2.287759
2.283191
2.269139
2.283567
2.301909
2.261361
2.302782
2.310180
2.347355
2.304665
2.244457
2.301062
2.289237
2.242112
2.239825
2.238825
2.237657
2.281793
2.330912
2.301692
2.283824
2.282765
2.260375
2.314435
2.303964
2.315211
2.279039
2.304718
2.286334
2.324878
2.304312
2.263405
2.238575
2.221537
2.239043
2.283044
2.288429
2.283723
2.291525
2.324730
2.281783
2.283769
2.344432
2.301344
2.270120
2.303210
2.246713
2.286859
2.347784
2.308925
2.281799
2.260147
2.238929
2.261047
2.291712
2.258592
2.306682
2.265638
2.303003
2.263349
2.307459
2.279779
2.284180
2.281925
2.279958
2.313089
2.279897
2.284877
2.325611
2.300477
2.289533
2.261874
2.267042
2.223786
2.260819
2.326696
2.304533
2.304188
2.285476
2.280756
2.284483
2.305620
2.304260
2.289472
2.281724
2.282639
2.252003
2.261901
2.285481
2.282475
2.261056
2.220319
2.239339
2.303874
2.274409
2.261085
2.308221
2.256009
2.283250
2.256783
2.261161
2.268424
2.281846
2.236900
2.286890
2.235643
2.305611
2.282741
2.239782
2.206714
2.238343
2.239843
2.267918
2.237075
2.262486
2.262178
2.281852
2.221973
2.277901
2.305257
2.304072
2.280860
2.244281
2.327121
2.310072
2.242740
2.198903
2.198199
2.263800
2.279209
2.243421
2.260302
2.240518
2.283128
2.261349
2.287911
2.325387
2.269131
2.239930
2.256221
2.305612
2.301246
2.264301
2.245578
2.197684
2.268778
2.262253
2.281913
2.263245
2.282447
2.272750
2.282913
2.282230
2.263068
2.261473
2.272763
2.241513
2.282739
2.330861
2.303256
2.278861
2.199876
2.239680
2.223028
2.239781
2.237520
2.245655
2.282472
2.239421
2.283783
2.257490
2.242444
2.284579
2.221894
2.324176
2.282775
2.243714
2.195886
2.241618
2.265562
2.237439
2.243485
2.217554
2.240229
2.239861
2.279335
2.260506
2.239352
2.259119
2.311599
2.239843
2.264214
2.219126
2.197443
2.216489
2.239314
2.267222
2.266078
2.257396
2.241100
2.232966
2.239734
2.264759
2.278620
2.290991
2.282053
2.301880
2.267378
2.219826
2.206510
2.218854
2.260871
2.291020
2.240810
2.306916
2.249648
2.278251
2.242567
2.303900
2.282446
2.292433
2.278748
2.285976
2.260233
2.261380
2.225135
2.192500
2.309811
2.241407
2.241799
2.240188
2.302249
2.253955
2.265290
2.260258
2.247239
2.283717
2.304277
2.263228
2.278306
2.228682
2.218417
2.213261
2.262086
2.283198
2.243806
2.226618
2.238979
2.239240
2.259216
2.269890
2.269143
2.304259
2.306738
2.325176
2.260951
2.238680
2.238603
2.204383
2.216185
2.257360
2.283293
2.280533
2.269790
2.262254
2.256844
2.262010
2.236503
2.303892
2.290748
2.326794
2.311323
2.301717
2.259526
2.263681
2.218695
2.194165
2.263027
2.236780
2.285209
2.258878
2.266023
2.289796
2.262044
2.308009
2.259516
2.279939
2.249706
2.239136
2.267194
2.259442
2.218644
2.198066
2.239936
2.265326
2.261833
2.217223
2.225098
2.237822
2.267111
2.247392
2.281864
2.259418
2.303228
2.281342
2.262440
2.261200
2.221191
2.218369
2.218313
2.249364
2.261364
2.261464
2.316638
2.261470
2.267512
2.256558
2.281906
2.261361
2.304266
2.265114
2.262706
2.260918
2.245667
2.217657
2.184808
2.195942
2.262344
2.289024
2.284247
2.240965
2.243175
2.239907
2.263226
2.279103
2.246881
2.241780
2.238429
2.286972
2.238150
2.239814
2.161488
2.215278
2.289592
2.198947
2.260109
2.232299
2.238007
2.240708
2.238730
2.303553
2.266862
2.261184
2.245489
2.223401
2.218394
2.200771
2.194845
2.247831
2.241758
2.240841
2.219326
2.260382
2.260831
2.269014
2.239411
2.262274
2.282741
2.304222
2.265268
2.261314
2.246754
2.218445
2.195908
2.247326
2.284220
2.242408
2.242848
2.278976
2.310309
2.303107
2.282231
2.225116
2.259320
2.263438
2.304374
2.261981
2.219543
2.194960
2.242693
2.278023
2.240414
2.270882
2.260968
2.273422
2.283847
2.277467
2.266936
2.237915
2.261681
2.247754
2.280775
2.289920
2.239954
2.218031
2.197234
2.298435
2.249661
2.237949
2.235525
2.247637
2.261693
2.294676
2.286527
2.282809
2.262912
2.325579
2.325806
2.267058
2.239473
2.219277
2.195074
2.217067
2.265282
2.238275
2.263156
2.264592
2.261670
2.287870
2.325508
2.260269
2.289096
2.256464
2.290725
2.324702
2.282798
2.238577
2.238203
2.218073
2.216446
2.263360
2.287034
2.282461
2.274073
2.264382
2.284623
2.348168
2.279237
2.260292
2.219899
2.326163
2.314045
2.262426
2.261838
2.219467
2.237969
2.273556
2.267357
2.260320
2.266620
2.260320
2.281668
2.307274
2.323730
2.291662
2.260823
2.304254
2.242700
2.178552
2.243212
2.306912
2.261013
2.264237
2.262201
2.217524
2.239982
2.257451
2.247067
2.260832
2.238551
2.240742
2.259408
2.370361
2.251856
2.217958
2.241965
2.261489
2.277935
2.272162
2.260210
2.250469
2.261624
2.260179
2.268746
2.259496
2.241822
2.239123
2.389348
2.286578
2.240216
2.244528
2.248512
2.239749
2.268184
2.260281
2.271769
2.263967
2.239169
2.260240
2.258479
2.219431
2.226777
2.238002
2.312211
2.298495
2.239838
2.264380
2.238831
2.244942
2.241823
2.241120
2.250454
2.237022
2.288338
2.290576
2.262889
2.283645
2.261424
2.238793
2.282863
2.281941
2.265190
2.258440
2.235633
2.245340
2.261791
2.230188
2.271709
2.261376
2.262936
2.282533
2.259873
2.244045
2.239853
2.263252
2.303954
2.303187
2.224990
2.260319
2.222404
2.217955
2.282823
2.285901
2.257460
2.270130
2.286935
2.261277
2.265104
2.281863
2.239602
2.289362
2.346356
2.269593
2.238442
2.241787
2.265094
2.259899
2.239854
2.263027
2.257478
2.284708
2.279771
2.259129
2.265337
2.261220
2.266359
2.278534
2.369358
2.329287
2.258451
2.271978
2.264925
2.260242
2.272667
2.260283
2.254997
2.264756
2.301955
2.265054
2.284757
2.282433
2.272072
2.218685
2.330009
2.309195
2.283833
2.223316
2.281817
2.258601
2.267343
2.258390
2.260946
2.279284
2.280189
2.262887
2.284726
2.266264
2.330103
2.302452
2.279074
2.282948
2.304762
2.262333
2.217281
2.282831
2.238804
2.260153
2.262175
2.281824
2.227010
2.258323
2.257203
2.241552
2.262635
2.247395
2.259993
2.261515
2.242948
2.237536
2.193088
2.222429
2.235930
2.243365
2.260199
2.282477
2.282783
2.260336
2.283771
2.239163
2.262368
2.242020
2.263298
2.247084
2.264868
2.258426
2.225352
2.282296
2.258258
2.221159
2.260079
2.265232
2.260903
2.283224
2.268904
2.258541
2.266085
2.261399
2.235312
2.243634
2.303441
2.327066
2.222960
2.283665
2.242534
2.217531
2.260449
2.229593
2.218474
2.288437
2.261613
2.261320
2.264244
2.261031
2.263005
2.303989
2.325444
2.346487
2.284478
2.282273
2.271164
2.260844
2.293284
2.279707
2.260309
2.283804
2.282633
2.262292
2.287055
2.281212
2.242752
2.304933
2.346772
2.284895
2.304397
2.267612
2.239694
2.259042
2.241647
2.258654
2.286008
2.264704
2.282835
2.221186
2.239777
2.278495
2.266085
2.261136
2.347239
2.261546
2.214895
2.267268
2.290688
2.266288
2.265629
2.282960
2.268296
2.258220
2.283127
2.264497
2.259376
2.222323
2.259278
2.302540
2.262308
2.217834
2.261336
2.238837
2.239554
2.243125
2.240141
2.240536
2.248694
2.258279
2.243089
2.258685
2.258523
2.284664
2.304245
2.242840
2.259307
2.193526
2.219120
2.258527
2.241673
2.277717
2.239050
2.249653
2.237709
2.268801
2.265974
2.257139
2.267889
2.239711
2.295473
2.326876
2.260149
2.180874
2.213777
2.281579
2.229382
2.283256
2.269216
2.237392
2.277131
2.285364
2.281763
2.265483
2.260473
2.282478
2.309453
2.260214
2.277674
2.176605
2.239934
2.265165
2.263103
2.260890
2.265079
2.260292
2.286432
2.278729
2.261482
2.308944
2.261709
2.245644
2.313254
2.282678
2.241510
2.238010
2.195746
2.288863
2.325656
2.282903
2.283805
2.283411
2.286604
2.280316
2.291330
2.284626
2.282621
2.305341
2.282587
2.304049
2.327744
2.301343
2.245822
2.217511
2.173979
2.264502
2.261745
2.263065
2.269536
2.239801
2.280514
2.261021
2.279573
2.305896
2.281749
2.284012
2.301450
2.328526
2.307906
2.282252
2.273090
2.237720
2.199616
2.241867
2.261552
2.322715
2.262492
2.303435
2.248852
2.236648
2.281775
2.263189
2.301627
2.273792
2.289294
2.281787
2.336513
2.298530
2.257060
2.248805
2.241538
2.225292
2.238832
2.258331
2.287145
2.322032
2.308236
2.283247
2.260520
2.262264
2.235396
2.281731
2.243855
2.258236
2.269944
2.304102
2.238659
2.242650
2.217148
2.202663
2.259422
2.218370
2.221386
2.282077
2.286165
2.241125
2.264081
2.262439
2.260556
2.292477
2.243942
2.236718
2.245693
2.281736
2.214717
2.202824
2.197246
2.245304
2.282840
2.257909
2.264177
2.239954
2.221256
2.236454
2.258438
2.306445
2.303417
2.246773
2.284996
2.283498
2.243188
2.172407
2.195711
2.224231
2.262202
2.284552
2.281343
2.260102
2.261854
2.238817
2.242925
2.260238
2.238238
2.223069
2.325133
2.339297
2.241369
2.214541
2.241855
2.239950
2.238544
2.242647
2.259393
2.243721
2.282899
2.261148
2.249727
2.304523
2.284530
2.263627
2.322982
2.371624
2.281800
2.236328
2.224449
2.282831
2.283409
2.304650
2.261017
2.305660
2.282706
2.289382
2.328635
2.325732
2.304913
2.282117
2.302043
2.330359
2.304192
2.280944
2.316973
2.263556
2.328489
2.346458
2.193180
2.261780
2.279830
2.284301
2.302411
2.282846
2.307240
2.299362
2.306473
2.292238
2.285092
2.312122
2.308219
2.283204
2.285334
2.258494
2.285368
2.367205
2.347532
2.287893
2.217410
2.280327
2.267051
2.325741
2.284429
2.324555
2.303559
2.306958
2.302987
2.333631
2.348981
2.303968
2.294056
2.303910
2.302827
2.329894
2.323231
2.327403
2.284687
2.279631
2.268423
2.194088
2.260212
2.271046
2.301288
2.304929
2.281301
2.282819
2.284593
2.300468
2.284819
2.312321
2.303387
2.263250
2.304291
2.281518
2.346935
2.304687
2.265222
2.280607
2.281868
2.268593
2.283208
2.263329
2.265871
2.279600
2.305980
2.282879
2.304144
2.284081
2.301742
2.285571
2.333889
2.303433
2.293144
2.282858
2.282324
2.336666
2.324168
2.264456
2.280663
2.239506
2.219371
2.282871
2.266493
2.265598
2.304328
2.288784
2.304283
2.282538
2.287500
2.259702
2.284183
2.302480
2.299376
2.286142
2.281894
2.348967
2.330745
2.282777
2.239944
2.239772
2.261123
2.262183
2.258074
2.284811
2.280857
2.259667
2.263200
2.261359
2.275890
2.292196
2.324803
2.263981
2.261218
2.303787
2.353430
2.260922
2.224251
2.239729
2.261377
2.241867
2.282040
2.284874
2.281253
2.299563
2.307237
2.282377
2.258620
2.288046
2.303197
2.266136
2.282765
2.276213
2.313793
2.303696
2.264415
2.268139
2.260263
2.242171
2.282131
2.239088
2.307257
2.305290
2.305276
2.324587
2.325254
2.349834
2.335582
2.338488
2.326669
2.390249
2.353289
2.304744
2.348734
2.356829
2.390184
2.324767
2.327766
2.325542
2.357907
2.291726
2.326857
2.291853
2.283665
2.277211
2.261313
2.368884
2.412713
2.351427
2.304033
2.331307
2.364683
2.367060
2.329445
2.368689
2.311788
2.286718
2.283239
2.269106
2.281659
2.389885
2.333913
2.366857
2.351208
2.330769
2.345732
2.289872
2.368803
2.324608
2.288474
2.324950
2.309105
2.346388
2.302201
2.283780
2.368776
2.322062
2.306185
2.282964
2.287482
2.333010
2.344582
2.372413
2.303391
2.281474
2.328395
2.305411
2.331557
2.284428
2.256696
2.327769
2.302379
2.280511
2.283920
2.345588
2.303429
2.304714
2.296439
2.284683
2.365169
2.400530
2.331235
2.276619
2.265000
2.283574
2.325793
2.305583
2.307175
2.304482
2.344563
2.320012
2.311138
2.298319
2.282410
2.264172
2.282666
2.242659
2.292122
2.365725
2.351197
2.302970
2.278778
2.263248
2.325366
2.248362
2.282825
2.302193
2.286702
2.304319
2.311696
2.267422
2.237044
2.264233
2.281942
2.219689
2.266310
2.323550
2.370587
2.311211
2.259165
2.294556
2.346515
2.259004
2.266267
2.324832
2.328686
2.281737
2.279680
2.242735
2.218252
2.265232
2.306614
2.258858
2.284811
2.347079
2.324564
2.308211
2.304291
2.262728
2.240145
2.347033
2.265480
2.305074
2.286684
2.311851
2.344384
2.304082
2.324864
2.302998
2.245773
2.282778
2.284971
2.245929
2.261081
2.330033
2.389340
2.344269
2.265527
2.259286
2.331361
2.303244
2.282375
2.331654
2.282745
2.303187
2.270163
2.281855
2.310145
2.239834
2.282972
2.294612
2.260863
2.307322
2.326912
2.322927
2.316092
2.282697
2.279781
2.306276
2.239742
2.305282
2.304226
2.283512
2.272627
2.282141
2.223954
2.238609
2.260518
2.242815
2.261046
2.346315
2.314967
2.276615
2.264153
2.304195
2.238806
2.283843
2.304515
2.338444
2.291743
2.298424
2.280696
2.218545
2.236010
2.290737
2.239178
2.304183
2.328537
2.346628
2.311773
2.285010
2.303730
2.309916
2.304422
2.309068
2.392608
2.303249
2.310329
2.321079
2.365603
2.352709
2.282889
2.248051
2.260691
2.282801
2.268985
2.302229
2.373716
2.308657
2.285612
2.306917
2.304038
2.277978
2.328514
2.366254
2.286771
2.290655
2.355092
2.324283
2.239938
2.260339
2.218005
2.261364
2.295877
2.281582
2.261317
2.296865
2.347069
2.318988
2.288284
2.349874
2.308092
2.304213
2.302217
2.347361
2.280557
2.281910
2.295691
2.325746
2.305329
2.261913
2.256297
2.238730
2.303182
2.286484
2.306264
2.367787
2.336894
2.280388
2.325130
2.327298
2.279828
2.306116
2.334025
2.364671
2.302323
2.299648
2.304369
2.306346
2.282788
2.226918
2.238629
2.281669
2.308472
2.257197
2.347984
2.309114
2.325038
2.283750
2.256427
2.261657
2.303195
2.282771
2.308232
2.282804
2.260696
2.354768
2.260678
2.196046
2.235991
2.278938
2.268216
2.263170
2.305007
2.284419
2.303928
2.242520
2.238238
2.276091
2.290772
2.278775
2.263793
2.307351
2.317832
2.285786
2.258237
2.239130
2.256615
2.304763
2.289573
2.354951
2.302200
2.303601
2.301259
2.261726
2.311743
2.281553
2.325458
2.344979
2.260189
2.284137
2.327343
2.289946
2.281871
2.260991
2.225167
2.258268
2.303160
2.285449
2.322549
2.260298
2.302222
2.299465
2.269789
2.259361
2.282585
2.307265
2.301172
2.262493
2.303143
2.281794
2.284331
2.242365
2.224985
2.263462
2.257989
2.327946
2.279138
2.303462
2.284653
2.282695
2.305940
2.303357
2.323859
2.308259
2.303969
2.246610
2.334732
2.303726
2.326772
2.321868
2.325129
2.283557
2.283772
2.313091
2.325076
2.386658
2.368146
2.389073
2.303539
2.309146
2.280904
2.291870
2.329658
2.349312
2.329302
2.304949
2.284539
2.307817
2.347006
2.347987
2.329579
2.261121
2.264109
2.304680
2.325563
2.283752
2.320877
2.389444
2.424376
2.409662
2.379559
2.411755
2.477718
2.350243
2.369962
2.410440
2.395004
2.368233
2.373693
2.371684
2.346600
2.330959
2.367833
2.324564
2.284794
2.282850
2.354128
2.329138
2.347187
2.327157
2.346067
2.347293
2.348224
2.389139
2.368777
2.372197
2.365741
2.346600
2.322430
2.388896
2.477965
2.344840
2.326756
2.305979
2.520714
2.974077
2.972050
3.563001
3.574251
3.593446
3.614094
3.511564
3.347038
3.292670
3.515054
3.950537
4.044158
3.985002
3.830001
3.831282
4.087460
3.890872
3.856412
3.750880
3.657393
3.694448
4.074970
3.876239
3.639160
3.532027
3.377285
3.373507
3.320938
3.299324
3.637253
3.599241
3.447233
3.268006
3.227765
3.257418
3.599966
3.874263
3.855938
3.850953
3.573626
3.356175
3.269955
3.276426
3.275422
3.171421
3.117465
3.098084
3.188245
3.274666
3.359871
3.076899
3.120116
3.143151
3.142069
3.126970
3.057985
3.040455
3.123183
3.187255
3.320955
3.315344
3.196000
3.149324
3.090350
3.120458
3.099939
3.060624
3.102699
3.106551
3.184456
3.313754
3.272158
3.513399
3.513806
3.443091
3.440776
3.440027
3.340068
3.230051
3.235414
3.381329
3.229150
3.206206
3.194037
3.297530
3.254531
3.140274
3.225058
3.336893
3.237483
3.173174
3.185983
3.355682
3.213417
3.228757
3.342722
3.338470
3.185820
3.210520
3.359277
3.274037
3.165543
3.141631
3.184224
3.188954
3.145207
3.230922
3.355107
3.227801
3.256572
3.144246
3.216082
3.184774
3.441731
3.273459
3.186831
3.173397
3.223360
3.033382
3.040079
3.279782
3.402842
3.270076
3.163188
3.186817
3.145784
3.144134
3.372681
3.292319
3.102197
3.080539
3.211765
3.116332
3.051294
2.996361
3.085320
3.166807
3.033844
3.038707
3.014981
3.058789
3.156828
3.208185
3.401956
3.536472
3.530857
3.640822
3.603853
3.545888
3.572831
3.590942
3.660748
3.664648
3.773843
3.743762
3.723164
3.620292
3.635252
3.528567
3.490256
3.533176
3.439884
3.375750
3.339788
3.398799
3.635722
3.497018
3.509103
3.557871
3.554093
3.577916
3.676469
3.849992
4.671416
4.116536
4.108522
4.284687
4.221517
4.001785
4.102723
4.108185
4.111120
4.057007
3.881946
3.786623
3.601910
4.066607
3.511578
3.233751
3.298591
3.400955
3.384203
3.604391
3.652663
3.399310
3.436303
4.081320
3.641585
3.426987
3.352229
3.599625
3.686590
4.025120
3.575512
3.974593
3.522807
3.457007
3.438159
3.431354
3.213881
3.257578
3.407878
3.556102
3.584063
3.674564
3.862391
3.927904
3.619657
3.474931
3.551923
3.580405
3.693144
