3.1793949604
3.22804903984
3.21479415894
3.17213582993
3.20577597618
3.20974302292
3.22759103775
3.17641019821
3.34472107887
3.22681879997
3.29368209839
3.33558893204
3.29321885109
3.29933786392
3.25376701355
3.27203202248
3.40767717361
3.22804617882
3.25335001945
3.23539090157
3.21077299118
3.35392594337
3.3159031868
3.2918510437
3.25019693375
3.31664896011
3.3920109272
3.36633896828
3.28774809837
3.27792882919
3.31716585159
3.30044412613
3.35814404488
3.33287811279
3.35604500771
3.34181380272
3.31713700294
3.36565589905
3.26158595085
3.24795198441
3.31321310997
3.44862985611
3.16392302513
3.15213108063
3.29050397873
3.27005696297
3.32869911194
3.33851909637
3.3868188858
3.44788408279
3.39922499657
3.39107203484
3.33044815063
3.36067891121
3.33992695808
3.32896494865
3.33725595474
3.18521308899
3.31755304337
3.38346195221
3.38952708244
3.36061787605
3.37861204147
3.29072618484
3.55929994583
3.31029987335
3.36223912239
3.33696699142
3.39519786835
3.37476611137
3.44413900375
3.46681499481
3.48514795303
3.3441259861
3.33479714394
3.40143990517
3.29650807381
3.28488898277
3.2730858326
3.29690504074
3.27058506012
3.9154419899
3.3176920414
3.21177005768
3.29336190224
3.40060305595
3.39920711517
3.84825205803
3.50383496284
3.44035005569
3.57782292366
3.35916090012
3.22817897797
3.42149710655
3.37770986557
3.3611998558
4.73771595955
3.232391119
3.32064080238
3.18659210205
3.29160785675
3.35120487213
3.33641600609
3.29100394249
3.317456007
3.33599710464
3.35659813881
3.37815713882
3.354170084
3.3366560936
3.28987789154
3.32673382759
3.35759902
3.33892703056
3.40220499039
3.3579890728
3.3451898098
3.29635286331
3.35280585289
3.38229298592
3.36205983162
3.40394377708
3.44623613358
3.33449292183
3.31555604935
3.27848505974
3.27057981491
3.3129119873
3.30083703995
3.31387805939
3.35481905937
3.18597602844
3.40278697014
3.38263511658
3.4047191143
3.33266997337
3.33605718613
3.34554600716
3.4145321846
3.38348913193
3.33445119858
3.35622310638
3.33463096619
3.42489910126
3.49001193047
3.40219902992
3.3404071331
3.4171500206
3.37641692162
3.33608794212
3.31452417374
3.27278590202
3.29222798347
3.28859186172
3.35667705536
3.37741684914
3.31225800514
3.38839387894
3.41998887062
3.35270500183
3.39066004753
3.40400409698
3.45056414604
3.37989807129
3.40898799896
3.44287610054
3.43568778038
3.46160101891
3.42320609093
3.53150510788
3.46664190292
3.48894500732
3.52901887894
3.52914214134
3.50944304466
3.57181215286
3.50273799896
3.45169615746
3.3805539608
3.44200921059
3.65701508522
4.04321885109
3.78910899162
3.55766892433
3.4118270874
3.59749794006
3.49106502533
3.40199995041
3.89298796654
3.5289709568
3.56245112419
3.46918797493
3.40169882774
3.44500088692
3.53461194038
3.5504219532
3.41853499413
3.54555010796
3.47077918053
3.42314481735
3.45360207558
3.45604610443
3.44195795059
3.44523310661
3.50377678871
3.48308706284
3.55463886261
3.58050894737
3.55705308914
3.57097601891
3.61492490768
3.68815398216
3.59421610832
3.62086296082
3.6827480793
3.4448390007
3.14568710327
3.59304881096
3.52803421021
3.55152487755
3.5962638855
3.68206501007
3.50938916206
3.55278587341
3.53263616562
3.58642983437
3.52730679512
3.55073404312
3.4722700119
3.57290101051
3.50872087479
3.49387693405
3.48150396347
3.50590610504
3.46852612495
3.50969004631
3.35628509521
3.38101887703
3.50951600075
3.52822184563
3.52935409546
3.68060684204
3.64024090767
3.61477708817
3.57978200912
3.59746599197
3.27396607399
3.40165090561
3.50731396675
3.55641698837
3.48924803734
3.57367992401
3.59593200684
3.5298409462
3.52515983582
3.48292398453
3.30533790588
3.61659502983
3.52805995941
3.64110088348
3.66028118134
3.65796709061
3.7137901783
3.65804290771
3.62113022804
3.35940790176
3.61601209641
3.71739006042
3.70213007927
3.84861087799
3.76632618904
3.72093701363
3.68009305
3.65607595444
3.68258905411
3.53570604324
3.55164694786
3.53272914886
3.54975199699
3.48631882668
3.15887594223
3.61423206329
3.55373501778
3.5518219471
3.59441709518
3.64200091362
3.68375015259
3.8949201107
3.74373292923
3.67929005623
3.65822887421
3.53081703186
3.63782310486
3.69966292381
3.61289191246
3.9178609848
3.83372282982
3.6189930439
3.69476795197
3.76489710808
3.74764084816
3.72733306885
3.72551608086
3.600908041
3.57336497307
3.54510498047
3.60607600212
3.65464091301
3.61217904091
3.57288789749
3.67933797836
3.76341819763
3.69772219658
3.74776005745
3.76669001579
3.52898097038
3.82951402664
3.63692378998
3.67855191231
3.62074494362
3.6146068573
3.63871002197
3.65893697739
3.65693092346
3.61620998383
3.70777201653
3.78484106064
3.7431101799
3.65918087959
3.94487404823
4.43427491188
4.05439710617
3.98404407501
3.67909789085
3.63834309578
3.72929096222
4.42704892159
4.39649605751
4.38786697388
4.39210391045
4.47652006149
4.45324492455
4.44588494301
4.43328094482
4.43359088898
4.41492915154
4.56201696396
4.25735521317
3.86753296852
3.85440802574
3.76339912415
3.68272900581
3.68234395981
3.66086792946
3.61945986748
3.62575912476
3.51761198044
3.52786111832
3.65849781036
3.70295190811
3.75125694275
4.12841701508
4.16212391853
4.06364393234
4.1539440155
3.87488102913
3.50924396515
3.61551213264
3.50897288322
3.55038881302
3.61516213417
3.61101198196
3.52975606918
3.50759100914
3.52542710304
3.52660298347
3.52995896339
3.63648080826
3.56887507439
3.53399896622
3.53079509735
3.48793792725
3.49582600594
9.16679501534
3.42411494255
3.44185686111
3.4858379364
3.44532418251
3.42963695526
3.41375613213
3.40214896202
3.41666221619
3.44337487221
3.38509202003
3.40981388092
3.40206003189
3.42485284805
3.53162503242
3.41771817207
3.3991920948
3.42462897301
3.44307804108
3.95818185806
3.74968791008
3.37854409218
3.37578487396
3.39706897736
3.45050096512
3.49132180214
3.40598988533
3.40612506866
3.42151093483
3.42053794861
3.48493289948
3.46644806862
3.44552516937
3.49175906181
3.59646701813
3.70156407356
3.59142398834
3.6576230526
3.64872598648
3.58076310158
3.67849516869
3.85984301567
3.49244093895
3.65205693245
3.62237000465
3.65687799454
3.59363603592
3.71144509315
3.6380879879
3.57670617104
3.62072110176
3.57246208191
3.55231285095
3.5732998848
3.62951683998
3.61158800125
3.6383960247
3.78976178169
3.72228193283
3.64293313026
3.5305480957
3.35945987701
3.48518419266
3.42309379578
3.44862794876
3.61231398582
3.6880838871
3.70129609108
3.69000697136
3.66580080986
3.68058085442
3.35028791428
3.25771093369
3.53677988052
3.66003394127
3.79146909714
3.7878651619
3.74761390686
3.70510292053
3.70030999184
3.68558216095
3.74421405792
3.70497202873
3.81785798073
3.56209206581
3.54835391045
3.53601002693
3.51531600952
3.58675885201
3.55043005943
3.62172293663
3.57288384438
3.37986087799
3.23859810829
3.78712797165
3.60890293121
3.67700719833
3.59233093262
3.59432005882
3.48690700531
3.53356599808
3.61732006073
3.62375497818
3.40781092644
3.59230017662
3.60481214523
3.57417392731
3.6078979969
3.61917996407
3.60014295578
3.42211389542
3.61142015457
3.57164406776
3.58981990814
3.42422699928
3.50812101364
3.60227704048
3.70289182663
3.61743497849
3.56976985931
3.55021595955
3.55074596405
3.55266308784
3.53117489815
3.55368995667
3.57389903069
3.57699990273
3.63718104362
3.35309386253
3.642775774
3.50436592102
3.4815659523
3.42125201225
3.12080383301
3.205067873
3.37556815147
3.38250994682
3.25150990486
3.34116101265
3.40315079689
3.46839404106
3.41796898842
3.44329285622
3.38631081581
3.44405913353
3.40551114082
3.39898085594
3.37941288948
3.42458105087
3.12527704239
3.29788208008
3.36591219902
3.37665605545
3.41234493256
3.37566995621
3.49069809914
3.50941085815
3.51522707939
3.41706895828
3.48281002045
3.49208283424
3.55206084251
3.50674390793
3.51408815384
3.47016882896
3.48177695274
3.4417951107
3.3571460247
3.22967290878
3.40304398537
3.37596487999
3.40256905556
3.44592499733
3.43785095215
3.5335381031
3.85356402397
3.42426395416
3.49872517586
3.65813112259
3.63211989403
3.46561288834
3.54952406883
3.53949999809
3.54939413071
3.48695492744
3.95567202568
3.01600384712
3.45955300331
3.46492004395
3.45112609863
3.36437702179
3.46722984314
3.38242506981
3.37449717522
3.39934492111
3.33735013008
2.95369505882
3.35786986351
3.36638522148
3.33555793762
3.41962218285
3.44207882881
3.5335931778
3.5740981102
3.52814888954
3.53283500671
3.59250307083
3.61550498009
3.54851913452
3.50928997993
3.46448707581
3.46210312843
3.36537313461
3.5003631115
3.44297289848
3.397990942
3.46882200241
3.42340397835
3.35701799393
3.35613393784
3.57259202003
3.43035984039
3.29411196709
3.29749894142
3.24971604347
3.3151679039
3.0096578598
3.18801212311
3.30029201508
3.36217403412
3.39419102669
3.26647496223
3.24881911278
3.32079696655
3.27352380753
3.38643217087
3.35526299477
3.33587002754
3.25251197815
3.38527584076
3.34157013893
3.26075196266
3.56914710999
3.44171619415
3.89621305466
3.53953504562
3.49009394646
3.57509708405
3.1485221386
3.31425714493
3.44701313972
3.42311501503
3.40273213387
3.50554490089
3.5511059761
3.44761419296
3.50590395927
3.54647111893
3.52894091606
3.55042719841
3.65683507919
3.64538311958
3.63533782959
3.64300894737
3.59343099594
3.67861294746
3.5777349472
3.59656214714
3.6206099987
3.61486411095
3.5228497982
3.55854821205
3.52866792679
3.54958820343
4.18169403076
4.45477700233
4.40313792229
3.48003482819
3.4471590519
3.50968408585
3.42047905922
3.43098807335
3.52431416512
3.41599106789
3.2058930397
3.64532017708
3.61908197403
3.52988100052
3.57908701897
3.67943406105
3.61219215393
3.89420080185
3.63602399826
3.57174301147
3.638463974
3.55447506905
3.67743992805
3.70421409607
3.68132591248
3.72859406471
3.72037601471
3.63814306259
3.64050102234
3.61486005783
3.4499912262
3.61974287033
3.59904694557
3.68811011314
3.63343310356
3.55095005035
3.55201387405
3.66279315948
3.53304791451
3.59619498253
3.48796892166
3.55213999748
3.54847598076
3.59420990944
3.55933403969
3.59456586838
3.49295401573
3.59541296959
3.44338607788
3.47063589096
3.47909498215
3.52349615097
3.49792313576
3.53430294991
3.10180592537
3.38450598717
3.35679197311
3.58848905563
3.63597989082
3.44778490067
3.51027607918
3.39167404175
3.57665801048
3.63648581505
3.5449359417
3.54491209984
3.49075913429
2.97886013985
3.1591861248
3.47168779373
3.56818389893
3.55035614967
3.58631896973
3.64310002327
4.1313598156
4.21476387978
4.04676413536
4.11080002785
3.87582015991
3.53285288811
3.59409880638
3.79266309738
3.31100511551
3.46726989746
3.5140709877
5.69980287552
3.33722901344
3.31521391869
3.31323504448
3.32033205032
3.36014986038
3.37500095367
3.33467483521
3.31708598137
3.34366106987
3.29237794876
3.33193302155
3.29144692421
3.90142798424
3.69681787491
3.31539678574
3.25072908401
3.29347586632
3.29453206062
3.31290197372
3.25472807884
3.18716311455
3.16308498383
3.14225006104
3.35654902458
3.29727101326
3.46561813354
3.2896130085
3.44235301018
3.31411981583
3.3984310627
3.42467999458
3.35843801498
3.28016614914
3.28063488007
3.26812601089
3.35703420639
3.31863617897
3.33791613579
3.29477286339
3.31384801865
3.29500794411
3.2943649292
3.27507996559
3.25487399101
3.2723710537
3.2704949379
3.29299211502
3.29464697838
3.29844307899
3.27329182625
3.30290007591
3.27216696739
3.25057816505
3.27948284149
3.22902011871
3.35634803772
3.2485370636
3.18729686737
3.24178409576
3.24837112427
3.10407280922
3.22809386253
3.27083683014
4.02227401733
4.15956282616
4.18031692505
3.25146508217
3.25366687775
3.20670819283
3.18523192406
3.18552398682
3.42527294159
3.40129208565
3.17335605621
3.20580482483
3.27134299278
3.25321507454
3.23001503944
3.16908311844
3.17185997963
3.20737099648
3.23117899895
3.27766108513
3.27968120575
3.22742414474
3.17554616928
3.20723390579
3.18374705315
3.20876193047
3.21091914177
3.24595093727
3.22512388229
3.20971798897
3.20863199234
3.18684911728
3.20008587837
3.24881196022
3.21031594276
3.15243005753
3.20173192024
3.26419496536
3.26482009888
3.20773601532
3.14421200752
3.10308885574
3.15973901749
3.15920495987
3.16150212288
3.18604779243
3.15094208717
3.16166400909
3.14642500877
3.16179299355
3.14620113373
3.22619485855
4.06412601471
4.08552002907
3.46143317223
3.48846507072
3.21363997459
3.18747401237
3.18860912323
3.22625398636
3.22497677803
3.20251512527
3.19001913071
3.19212007523
3.14442396164
3.09819793701
3.2366771698
3.23131012917
3.21693682671
3.20724892616
3.20758605003
3.20801520348
3.2790620327
3.25222611427
3.1640651226
3.14123082161
3.18518996239
3.29439091682
3.22938203812
3.1850669384
3.22302603722
3.22916698456
3.188986063
3.18787503242
3.20695519447
3.18460297585
3.16465091705
3.17106795311
3.20697903633
3.1825709343
3.13895511627
3.18799686432
3.14265012741
3.14297699928
3.12267899513
3.19203090668
3.15060687065
3.12289905548
3.21243214607
3.24593687057
3.1511349678
3.12432384491
3.2131831646
3.20616388321
3.14238500595
3.10324597359
3.14601898193
3.13042497635
3.14501404762
3.12105107307
3.16639184952
3.13139796257
3.10624194145
3.07776498795
3.09576392174
3.08492994308
3.12285900116
3.07867598534
3.11977791786
3.12282204628
3.1063079834
3.10115289688
3.18515610695
3.16379308701
3.12396097183
3.12404799461
3.12459802628
3.12061500549
3.12322497368
3.1460711956
3.12687706947
3.07690310478
3.09819793701
3.08201622963
3.11863088608
3.10054993629
3.18425011635
3.16386294365
3.12093901634
3.12189006805
3.16594910622
3.16227912903
3.12136507034
3.12569689751
3.10057210922
3.0786690712
3.11788582802
3.12478685379
3.0788769722
3.10625600815
3.09271717072
3.10606503487
3.10122990608
3.12889385223
3.1429438591
3.09703207016
3.12366008759
3.15095186234
3.12260603905
3.14145994186
3.13947510719
3.12150096893
3.0999109745
3.10987186432
3.16267299652
3.13193297386
3.103962183
3.10443806648
3.09929394722
3.11989808083
3.12278079987
3.1445581913
3.10705494881
3.0982940197
3.18315815926
3.14643406868
3.07869315147
3.13142609596
3.1473069191
3.12283492088
3.10298109055
3.14592003822
3.18519210815
3.14222502708
3.12464785576
3.15084290504
3.12142896652
3.13938307762
3.12074995041
3.14616203308
3.16345286369
3.12857484818
3.11804103851
3.18464398384
3.18834209442
3.16459012032
3.16556096077
3.1639778614
3.14636683464
3.13470602036
3.10501813889
3.14307188988
3.11464309692
3.10317897797
3.08777499199
3.0799100399
3.08002090454
3.07770609856
3.12184786797
3.06209182739
3.13351798058
3.11798095703
3.10625720024
3.13042998314
3.10110497475
3.11972689629
3.09622883797
3.12934398651
3.12341213226
3.08511090279
3.07777094841
3.10215711594
3.06278896332
3.08097505569
3.12071299553
3.07744503021
3.0992128849
3.09623003006
3.10517406464
3.1163790226
3.07996416092
3.10521101952
3.07653808594
3.11618900299
3.13131713867
3.08076906204
3.06120109558
3.0675702095
3.05551505089
3.06009697914
3.18855285645
3.07857894897
3.07676911354
3.07820701599
3.05928015709
3.06615114212
3.08049917221
3.12214994431
3.11982297897
3.25270414352
3.06126093864
3.0316619873
3.05520296097
3.06618714333
3.07878708839
3.51667809486
3.54929089546
3.12105917931
3.06616401672
3.10118198395
3.10025405884
3.05520987511
3.05522418022
3.05782198906
3.11313796043
3.0354449749
3.03383016586
3.04192519188
3.10215616226
3.08459711075
3.05709695816
3.10009813309
3.10309791565
3.14570617676
3.10576605797
3.09868001938
3.12344908714
3.08635520935
3.0591340065
3.0765941143
3.37948393822
2.97205519676
3.05738401413
3.05858302116
3.09943294525
3.11996603012
3.06200003624
3.06037902832
3.09939193726
3.13921093941
3.10318207741
3.18928694725
3.14713215828
3.14133882523
3.08427596092
2.95203900337
3.04857492447
3.07757902145
3.12005710602
3.09078097343
3.05730080605
3.14879989624
3.14216518402
3.14895606041
3.10165190697
3.13118720055
3.14229893684
3.07761096954
3.10897088051
3.06225085258
3.06412005424
3.05941915512
3.10691905022
3.14569807053
3.06253504753
3.09922003746
3.14067196846
3.12290215492
3.10123991966
3.12261199951
3.14260101318
3.05725598335
3.10084295273
3.0806760788
3.06230401993
3.05436515808
3.08645510674
3.16628503799
3.10286903381
3.05629205704
3.1199297905
3.12354302406
3.08480501175
3.10105991364
3.12074899673
3.05621409416
3.03963685036
3.08103108406
3.25018882751
3.89017605782
3.88838291168
3.5113401413
3.08137083054
3.10247302055
3.07819890976
3.12406992912
3.12522792816
3.11973500252
3.06018519402
4.2194750309
4.32972478867
4.35544109344
4.13549590111
3.09926390648
3.05505299568
3.07629084587
3.10538387299
3.10431408882
3.11894798279
3.08294916153
3.08454394341
3.10041904449
3.11697888374
3.27132511139
3.26154994965
3.18441295624
3.23609089851
3.09634184837
3.09613418579
3.12029385567
3.087651968
3.08571887016
3.09912800789
3.05351090431
3.10743618011
3.08071708679
3.07654500008
3.11964488029
3.10679292679
3.14631390572
3.12444496155
3.11745905876
3.07710409164
3.0796649456
3.07881689072
3.10578203201
3.10028600693
3.07972002029
3.03804588318
3.06215882301
3.05375099182
3.07776999474
3.1199798584
3.10157203674
3.12636899948
3.09864187241
3.10120987892
3.08043813705
3.08407902718
3.05248594284
3.09694385529
3.08456587791
3.0796649456
3.06239485741
3.0542049408
3.05746102333
3.07968020439
3.10484600067
3.12165498734
3.07676815987
3.10270881653
3.07729411125
3.07993602753
3.07362103462
3.05927395821
3.07867693901
3.08093714714
3.05128288269
3.01194405556
3.05960392952
3.06434392929
3.07883000374
3.11378908157
3.10281181335
3.1108751297
3.12487101555
3.07721805573
3.07409095764
3.0821158886
3.08123493195
3.09334301949
3.09880304337
3.0356900692
3.0430021286
3.05788493156
3.05329704285
3.07890295982
3.0955350399
3.11887907982
3.10186195374
3.09953594208
3.06224608421
3.07744002342
3.06395697594
3.05226588249
3.08005213737
3.10217905045
3.03648710251
3.03079795837
3.07856416702
3.0456199646
3.06346893311
3.09860301018
3.09937500954
3.10619497299
3.0757420063
3.05324697495
3.05631709099
3.05514597893
3.10737204552
3.08686208725
3.05594706535
3.01339101791
3.04317593575
3.05671310425
3.05556416512
3.11919093132
3.12987780571
3.12164306641
3.10654783249
3.07775592804
3.05325508118
3.0583820343
3.06014609337
3.10651183128
3.09945201874
3.03710699081
3.03604578972
3.04754304886
3.05342912674
3.05239295959
3.10388994217
3.1039249897
3.10642695427
3.07709598541
3.08056402206
3.08096003532
3.08039784431
3.09765410423
3.09690499306
3.05842494965
3.0419819355
3.07721304893
3.05615305901
3.1032409668
3.12265586853
3.10316109657
3.12099885941
3.07623100281
3.06818413734
3.06624102592
3.07798290253
3.09474802017
3.10121703148
3.05798411369
3.04137611389
3.0523750782
3.07660722733
3.07998895645
3.10190105438
3.09670305252
3.09807491302
3.0541510582
3.06500291824
3.05829787254
3.0348739624
3.07387399673
3.06682491302
3.03858399391
3.01292204857
3.0348341465
3.05922198296
3.06257605553
3.10008597374
3.10069608688
3.11065196991
3.08562612534
3.08565306664
3.09842300415
3.07681417465
3.10489487648
3.12561988831
3.10206890106
3.05592918396
3.03675103188
3.06715703011
3.08083605766
3.07782077789
3.12081003189
3.12794494629
3.12381577492
3.07868909836
3.07810592651
3.08225703239
3.06009101868
3.08337688446
3.10278511047
3.07479095459
3.05833816528
3.05816698074
3.07771897316
3.07774305344
3.89423322678
3.2307498455
3.55885004997
5.65784311295
6.51938009262
3.92322087288
3.68002486229
3.59566688538
3.35532307625
3.16448402405
3.40799283981
3.46335816383
3.37667417526
3.42207598686
3.42174386978
3.42249393463
3.33778882027
3.36510896683
3.35541701317
3.33738303185
3.35600018501
3.31480288506
3.32059383392
3.33867502213
3.35679221153
3.37759184837
3.38564395905
3.36133384705
3.36045694351
3.55419588089
3.38940691948
3.3362891674
3.40093708038
3.36378002167
3.35908007622
3.3621931076
3.34353113174
3.35716295242
3.3777089119
3.3765809536
3.35856509209
3.50932908058
3.2719810009
3.35660409927
3.42234301567
3.36106395721
3.31865811348
3.29584693909
3.35908889771
3.33420610428
3.28943610191
3.30231189728
3.37848997116
3.32480621338
3.29060411453
3.24705195427
3.31628584862
3.29213809967
3.29646015167
3.33371710777
5.397179842
4.80246496201
3.33151102066
3.32245397568
3.27001810074
3.33414101601
3.33766794205
3.33573102951
3.24778103828
3.33520579338
3.31040692329
3.31012105942
3.3238530159
3.29632210732
3.27303791046
3.01232790947
3.39969110489
3.57684087753
3.31800198555
3.30327510834
3.31532597542
3.311866045
3.33077597618
3.31411004066
3.29013705254
3.32165884972
3.3114938736
3.29238295555
3.27907800674
3.2967441082
3.33427882195
3.25048995018
3.57029008865
3.31415295601
3.29440283775
3.35254812241
3.29869699478
3.33600902557
3.27107691765
3.30692100525
3.29442286491
3.27544879913
3.2952439785
3.31195497513
3.29340100288
3.31604504585
3.2318007946
3.28006196022
3.33340287209
3.29062199593
3.35512804985
3.39909505844
3.33627295494
3.33394598961
3.23258709908
3.29574394226
3.32274317741
3.31490492821
3.33460998535
3.31119704247
3.25166201591
3.32945394516
3.28494000435
3.27991104126
3.27570796013
3.29665613174
3.2868001461
3.31284594536
3.42342281342
3.2574160099
3.29595303535
3.29223895073
3.31257390976
3.3166718483
3.32098913193
3.27010703087
3.29498004913
3.30983901024
3.27034687996
3.26771712303
3.24867796898
3.55848622322
3.16084599495
3.33553719521
3.25254797935
3.33967709541
3.33466410637
3.35283279419
3.3145711422
3.26830601692
3.30928087234
3.31838798523
3.32444286346
3.29347801208
3.37562179565
3.33540201187
3.3388030529
3.31347489357
3.35583591461
3.27786397934
3.29067206383
3.30446887016
3.29394984245
3.29971289635
3.33355689049
3.20639586449
3.31319499016
3.36681389809
3.32014989853
3.33181023598
3.24062585831
3.33274793625
3.29596996307
3.33838105202
3.34194493294
3.33954691887
3.29270410538
3.27084302902
3.29747200012
3.25226402283
3.25268721581
3.25554704666
3.85120105743
3.76410198212
3.70077514648
3.4784040451
3.10264515877
3.34436702728
3.2762298584
3.26998496056
3.27134799957
3.29758310318
3.22625184059
3.31329298019
3.30033802986
3.30293297768
3.29358100891
3.26888608932
3.26702094078
3.81406593323
3.40074396133
3.25575089455
3.31579208374
3.26948094368
3.28738903999
3.2606818676
3.35671806335
3.31160902977
3.33954191208
3.2657558918
3.28357005119
3.28755712509
3.52679395676
3.35307502747
3.2949180603
3.31195187569
3.31194996834
3.32047200203
3.29972410202
3.26014900208
3.33528494835
3.31199097633
3.1793949604
3.22804903984
3.21479415894
3.17213582993
3.20577597618
3.20974302292
3.22759103775
3.17641019821
3.34472107887
3.22681879997
3.29368209839
3.33558893204
3.29321885109
3.29933786392
3.25376701355
3.27203202248
3.40767717361
3.22804617882
3.25335001945
3.23539090157
3.21077299118
3.35392594337
3.3159031868
3.2918510437
3.25019693375
3.31664896011
3.3920109272
3.36633896828
3.28774809837
3.27792882919
3.31716585159
3.30044412613
3.35814404488
3.33287811279
3.35604500771
3.34181380272
3.31713700294
3.36565589905
3.26158595085
3.24795198441
3.31321310997
3.44862985611
3.16392302513
3.15213108063
3.29050397873
3.27005696297
3.32869911194
3.33851909637
3.3868188858
3.44788408279
3.39922499657
3.39107203484
3.33044815063
3.36067891121
3.33992695808
3.32896494865
3.33725595474
3.18521308899
3.31755304337
3.38346195221
3.38952708244
3.36061787605
3.37861204147
3.29072618484
3.55929994583
3.31029987335
3.36223912239
3.33696699142
3.39519786835
3.37476611137
3.44413900375
3.46681499481
3.48514795303
3.3441259861
3.33479714394
3.40143990517
3.29650807381
3.28488898277
3.2730858326
3.29690504074
3.27058506012
3.9154419899
3.3176920414
3.21177005768
3.29336190224
3.40060305595
3.39920711517
3.84825205803
3.50383496284
3.44035005569
3.57782292366
3.35916090012
3.22817897797
3.42149710655
3.37770986557
3.3611998558
4.73771595955
3.232391119
3.32064080238
3.18659210205
3.29160785675
3.35120487213
3.33641600609
3.29100394249
3.317456007
3.33599710464
3.35659813881
3.37815713882
3.354170084
3.3366560936
3.28987789154
3.32673382759
3.35759902
3.33892703056
3.40220499039
3.3579890728
3.3451898098
3.29635286331
3.35280585289
3.38229298592
3.36205983162
3.40394377708
3.44623613358
3.33449292183
3.31555604935
3.27848505974
3.27057981491
3.3129119873
3.30083703995
3.31387805939
3.35481905937
3.18597602844
3.40278697014
3.38263511658
3.4047191143
3.33266997337
3.33605718613
3.34554600716
3.4145321846
3.38348913193
3.33445119858
3.35622310638
3.33463096619
3.42489910126
3.49001193047
3.40219902992
3.3404071331
3.4171500206
3.37641692162
3.33608794212
3.31452417374
3.27278590202
3.29222798347
3.28859186172
3.35667705536
3.37741684914
3.31225800514
3.38839387894
3.41998887062
3.35270500183
3.39066004753
3.40400409698
3.45056414604
3.37989807129
3.40898799896
3.44287610054
3.43568778038
3.46160101891
3.42320609093
3.53150510788
3.46664190292
3.48894500732
3.52901887894
3.52914214134
3.50944304466
3.57181215286
3.50273799896
3.45169615746
3.3805539608
3.44200921059
3.65701508522
4.04321885109
3.78910899162
3.55766892433
3.4118270874
3.59749794006
3.49106502533
3.40199995041
3.89298796654
3.5289709568
3.56245112419
3.46918797493
3.40169882774
3.44500088692
3.53461194038
3.5504219532
3.41853499413
3.54555010796
3.47077918053
3.42314481735
3.45360207558
3.45604610443
3.44195795059
3.44523310661
3.50377678871
3.48308706284
3.55463886261
3.58050894737
3.55705308914
3.57097601891
3.61492490768
3.68815398216
3.59421610832
3.62086296082
3.6827480793
3.4448390007
3.14568710327
3.59304881096
3.52803421021
3.55152487755
3.5962638855
3.68206501007
3.50938916206
3.55278587341
3.53263616562
3.58642983437
3.52730679512
3.55073404312
3.4722700119
3.57290101051
3.50872087479
3.49387693405
3.48150396347
3.50590610504
3.46852612495
3.50969004631
3.35628509521
3.38101887703
3.50951600075
3.52822184563
3.52935409546
3.68060684204
3.64024090767
3.61477708817
3.57978200912
3.59746599197
3.27396607399
3.40165090561
3.50731396675
3.55641698837
3.48924803734
3.57367992401
3.59593200684
3.5298409462
3.52515983582
3.48292398453
3.30533790588
3.61659502983
3.52805995941
3.64110088348
3.66028118134
3.65796709061
3.7137901783
3.65804290771
3.62113022804
3.35940790176
3.61601209641
3.71739006042
3.70213007927
3.84861087799
3.76632618904
3.72093701363
3.68009305
3.65607595444
3.68258905411
3.53570604324
3.55164694786
3.53272914886
3.54975199699
3.48631882668
3.15887594223
3.61423206329
3.55373501778
3.5518219471
3.59441709518
3.64200091362
3.68375015259
3.8949201107
3.74373292923
3.67929005623
3.65822887421
3.53081703186
3.63782310486
3.69966292381
3.61289191246
3.9178609848
3.83372282982
3.6189930439
3.69476795197
3.76489710808
3.74764084816
3.72733306885
3.72551608086
3.600908041
3.57336497307
3.54510498047
3.60607600212
3.65464091301
3.61217904091
3.57288789749
3.67933797836
3.76341819763
3.69772219658
3.74776005745
3.76669001579
3.52898097038
3.82951402664
3.63692378998
3.67855191231
3.62074494362
3.6146068573
3.63871002197
3.65893697739
3.65693092346
3.61620998383
3.70777201653
3.78484106064
3.7431101799
3.65918087959
3.94487404823
4.43427491188
4.05439710617
3.98404407501
3.67909789085
3.63834309578
3.72929096222
4.42704892159
4.39649605751
4.38786697388
4.39210391045
4.47652006149
4.45324492455
4.44588494301
4.43328094482
4.43359088898
4.41492915154
4.56201696396
4.25735521317
3.86753296852
3.85440802574
3.76339912415
3.68272900581
3.68234395981
3.66086792946
3.61945986748
3.62575912476
3.51761198044
3.52786111832
3.65849781036
3.70295190811
3.75125694275
4.12841701508
4.16212391853
4.06364393234
4.1539440155
3.87488102913
3.50924396515
3.61551213264
3.50897288322
3.55038881302
3.61516213417
3.61101198196
3.52975606918
3.50759100914
3.52542710304
3.52660298347
3.52995896339
3.63648080826
3.56887507439
3.53399896622
3.53079509735
3.48793792725
3.49582600594
9.16679501534
3.42411494255
3.44185686111
3.4858379364
3.44532418251
3.42963695526
3.41375613213
3.40214896202
3.41666221619
3.44337487221
3.38509202003
3.40981388092
3.40206003189
3.42485284805
3.53162503242
3.41771817207
3.3991920948
3.42462897301
3.44307804108
3.95818185806
3.74968791008
3.37854409218
3.37578487396
3.39706897736
3.45050096512
3.49132180214
3.40598988533
3.40612506866
3.42151093483
3.42053794861
3.48493289948
3.46644806862
3.44552516937
3.49175906181
3.59646701813
3.70156407356
3.59142398834
3.6576230526
3.64872598648
3.58076310158
3.67849516869
3.85984301567
3.49244093895
3.65205693245
3.62237000465
3.65687799454
3.59363603592
3.71144509315
3.6380879879
3.57670617104
3.62072110176
3.57246208191
3.55231285095
3.5732998848
3.62951683998
3.61158800125
3.6383960247
3.78976178169
3.72228193283
3.64293313026
3.5305480957
3.35945987701
3.48518419266
3.42309379578
3.44862794876
3.61231398582
3.6880838871
3.70129609108
3.69000697136
3.66580080986
3.68058085442
3.35028791428
3.25771093369
3.53677988052
3.66003394127
3.79146909714
3.7878651619
3.74761390686
3.70510292053
3.70030999184
3.68558216095
3.74421405792
3.70497202873
3.81785798073
3.56209206581
3.54835391045
3.53601002693
3.51531600952
3.58675885201
3.55043005943
3.62172293663
3.57288384438
3.37986087799
3.23859810829
3.78712797165
3.60890293121
3.67700719833
3.59233093262
3.59432005882
3.48690700531
3.53356599808
3.61732006073
3.62375497818
3.40781092644
3.59230017662
3.60481214523
3.57417392731
3.6078979969
3.61917996407
3.60014295578
3.42211389542
3.61142015457
3.57164406776
3.58981990814
3.42422699928
3.50812101364
3.60227704048
3.70289182663
3.61743497849
3.56976985931
3.55021595955
3.55074596405
3.55266308784
3.53117489815
3.55368995667
3.57389903069
3.57699990273
3.63718104362
3.35309386253
3.642775774
3.50436592102
3.4815659523
3.42125201225
3.12080383301
3.205067873
3.37556815147
3.38250994682
3.25150990486
3.34116101265
3.40315079689
3.46839404106
3.41796898842
3.44329285622
3.38631081581
3.44405913353
3.40551114082
3.39898085594
3.37941288948
3.42458105087
3.12527704239
3.29788208008
3.36591219902
3.37665605545
3.41234493256
3.37566995621
3.49069809914
3.50941085815
3.51522707939
3.41706895828
3.48281002045
3.49208283424
3.55206084251
3.50674390793
3.51408815384
3.47016882896
3.48177695274
3.4417951107
3.3571460247
3.22967290878
3.40304398537
3.37596487999
3.40256905556
3.44592499733
3.43785095215
3.5335381031
3.85356402397
3.42426395416
3.49872517586
3.65813112259
3.63211989403
3.46561288834
3.54952406883
3.53949999809
3.54939413071
3.48695492744
3.95567202568
3.01600384712
3.45955300331
3.46492004395
3.45112609863
3.36437702179
3.46722984314
3.38242506981
3.37449717522
3.39934492111
3.33735013008
2.95369505882
3.35786986351
3.36638522148
3.33555793762
3.41962218285
3.44207882881
3.5335931778
3.5740981102
3.52814888954
3.53283500671
3.59250307083
3.61550498009
3.54851913452
3.50928997993
3.46448707581
3.46210312843
3.36537313461
3.5003631115
3.44297289848
3.397990942
3.46882200241
3.42340397835
3.35701799393
3.35613393784
3.57259202003
3.43035984039
3.29411196709
3.29749894142
3.24971604347
3.3151679039
3.0096578598
3.18801212311
3.30029201508
3.36217403412
3.39419102669
3.26647496223
3.24881911278
3.32079696655
3.27352380753
3.38643217087
3.35526299477
3.33587002754
3.25251197815
3.38527584076
3.34157013893
3.26075196266
3.56914710999
3.44171619415
3.89621305466
3.53953504562
3.49009394646
3.57509708405
3.1485221386
3.31425714493
3.44701313972
3.42311501503
3.40273213387
3.50554490089
3.5511059761
3.44761419296
3.50590395927
3.54647111893
3.52894091606
3.55042719841
3.65683507919
3.64538311958
3.63533782959
3.64300894737
3.59343099594
3.67861294746
3.5777349472
3.59656214714
3.6206099987
3.61486411095
3.5228497982
3.55854821205
3.52866792679
3.54958820343
4.18169403076
4.45477700233
4.40313792229
3.48003482819
3.4471590519
3.50968408585
3.42047905922
3.43098807335
3.52431416512
3.41599106789
3.2058930397
3.64532017708
3.61908197403
3.52988100052
3.57908701897
3.67943406105
3.61219215393
3.89420080185
3.63602399826
3.57174301147
3.638463974
3.55447506905
3.67743992805
3.70421409607
3.68132591248
3.72859406471
3.72037601471
3.63814306259
3.64050102234
3.61486005783
3.4499912262
3.61974287033
3.59904694557
3.68811011314
3.63343310356
3.55095005035
3.55201387405
3.66279315948
3.53304791451
3.59619498253
3.48796892166
3.55213999748
3.54847598076
3.59420990944
3.55933403969
3.59456586838
3.49295401573
3.59541296959
3.44338607788
3.47063589096
3.47909498215
3.52349615097
3.49792313576
3.53430294991
3.10180592537
3.38450598717
3.35679197311
3.58848905563
3.63597989082
3.44778490067
3.51027607918
3.39167404175
3.57665801048
3.63648581505
3.5449359417
3.54491209984
3.49075913429
2.97886013985
3.1591861248
3.47168779373
3.56818389893
3.55035614967
3.58631896973
3.64310002327
4.1313598156
4.21476387978
4.04676413536
4.11080002785
3.87582015991
3.53285288811
3.59409880638
3.79266309738
3.31100511551
3.46726989746
3.5140709877
5.69980287552
3.33722901344
3.31521391869
3.31323504448
3.32033205032
3.36014986038
3.37500095367
3.33467483521
3.31708598137
3.34366106987
3.29237794876
3.33193302155
3.29144692421
3.90142798424
3.69681787491
3.31539678574
3.25072908401
3.29347586632
3.29453206062
3.31290197372
3.25472807884
3.18716311455
3.16308498383
3.14225006104
3.35654902458
3.29727101326
3.46561813354
3.2896130085
3.44235301018
3.31411981583
3.3984310627
3.42467999458
3.35843801498
3.28016614914
3.28063488007
3.26812601089
3.35703420639
3.31863617897
3.33791613579
3.29477286339
3.31384801865
3.29500794411
3.2943649292
3.27507996559
3.25487399101
3.2723710537
3.2704949379
3.29299211502
3.29464697838
3.29844307899
3.27329182625
3.30290007591
3.27216696739
3.25057816505
3.27948284149
3.22902011871
3.35634803772
3.2485370636
3.18729686737
3.24178409576
3.24837112427
3.10407280922
3.22809386253
3.27083683014
4.02227401733
4.15956282616
4.18031692505
3.25146508217
3.25366687775
3.20670819283
3.18523192406
3.18552398682
3.42527294159
3.40129208565
3.17335605621
3.20580482483
3.27134299278
3.25321507454
3.23001503944
3.16908311844
3.17185997963
3.20737099648
3.23117899895
3.27766108513
3.27968120575
3.22742414474
3.17554616928
3.20723390579
3.18374705315
3.20876193047
3.21091914177
3.24595093727
3.22512388229
3.20971798897
3.20863199234
3.18684911728
3.20008587837
3.24881196022
3.21031594276
3.15243005753
3.20173192024
3.26419496536
3.26482009888
3.20773601532
3.14421200752
3.10308885574
3.15973901749
3.15920495987
3.16150212288
3.18604779243
3.15094208717
3.16166400909
3.14642500877
3.16179299355
3.14620113373
3.22619485855
4.06412601471
4.08552002907
3.46143317223
3.48846507072
3.21363997459
3.18747401237
3.18860912323
3.22625398636
3.22497677803
3.20251512527
3.19001913071
3.19212007523
3.14442396164
3.09819793701
3.2366771698
3.23131012917
3.21693682671
3.20724892616
3.20758605003
3.20801520348
3.2790620327
3.25222611427
3.1640651226
3.14123082161
3.18518996239
3.29439091682
3.22938203812
3.1850669384
3.22302603722
3.22916698456
3.188986063
3.18787503242
3.20695519447
3.18460297585
3.16465091705
3.17106795311
3.20697903633
3.1825709343
3.13895511627
3.18799686432
3.14265012741
3.14297699928
3.12267899513
3.19203090668
3.15060687065
3.12289905548
3.21243214607
3.24593687057
3.1511349678
3.12432384491
3.2131831646
3.20616388321
3.14238500595
3.10324597359
3.14601898193
3.13042497635
3.14501404762
3.12105107307
3.16639184952
3.13139796257
3.10624194145
3.07776498795
3.09576392174
3.08492994308
3.12285900116
3.07867598534
3.11977791786
3.12282204628
3.1063079834
3.10115289688
3.18515610695
3.16379308701
3.12396097183
3.12404799461
3.12459802628
3.12061500549
3.12322497368
3.1460711956
3.12687706947
3.07690310478
3.09819793701
3.08201622963
3.11863088608
3.10054993629
3.18425011635
3.16386294365
3.12093901634
3.12189006805
3.16594910622
3.16227912903
3.12136507034
3.12569689751
3.10057210922
3.0786690712
3.11788582802
3.12478685379
3.0788769722
3.10625600815
3.09271717072
3.10606503487
3.10122990608
3.12889385223
3.1429438591
3.09703207016
3.12366008759
3.15095186234
3.12260603905
3.14145994186
3.13947510719
3.12150096893
3.0999109745
3.10987186432
3.16267299652
3.13193297386
3.103962183
3.10443806648
3.09929394722
3.11989808083
3.12278079987
3.1445581913
3.10705494881
3.0982940197
3.18315815926
3.14643406868
3.07869315147
3.13142609596
3.1473069191
3.12283492088
3.10298109055
3.14592003822
3.18519210815
3.14222502708
3.12464785576
3.15084290504
3.12142896652
3.13938307762
3.12074995041
3.14616203308
3.16345286369
3.12857484818
3.11804103851
3.18464398384
3.18834209442
3.16459012032
3.16556096077
3.1639778614
3.14636683464
3.13470602036
3.10501813889
3.14307188988
3.11464309692
3.10317897797
3.08777499199
3.0799100399
3.08002090454
3.07770609856
3.12184786797
3.06209182739
3.13351798058
3.11798095703
3.10625720024
3.13042998314
3.10110497475
3.11972689629
3.09622883797
3.12934398651
3.12341213226
3.08511090279
3.07777094841
3.10215711594
3.06278896332
3.08097505569
3.12071299553
3.07744503021
3.0992128849
3.09623003006
3.10517406464
3.1163790226
3.07996416092
3.10521101952
3.07653808594
3.11618900299
3.13131713867
3.08076906204
3.06120109558
3.0675702095
3.05551505089
3.06009697914
3.18855285645
3.07857894897
3.07676911354
3.07820701599
3.05928015709
3.06615114212
3.08049917221
3.12214994431
3.11982297897
3.25270414352
3.06126093864
3.0316619873
3.05520296097
3.06618714333
3.07878708839
3.51667809486
3.54929089546
3.12105917931
3.06616401672
3.10118198395
3.10025405884
3.05520987511
3.05522418022
3.05782198906
3.11313796043
3.0354449749
3.03383016586
3.04192519188
3.10215616226
3.08459711075
3.05709695816
3.10009813309
3.10309791565
3.14570617676
3.10576605797
3.09868001938
3.12344908714
3.08635520935
3.0591340065
3.0765941143
3.37948393822
2.97205519676
3.05738401413
3.05858302116
3.09943294525
3.11996603012
3.06200003624
3.06037902832
3.09939193726
3.13921093941
3.10318207741
3.18928694725
3.14713215828
3.14133882523
3.08427596092
2.95203900337
3.04857492447
3.07757902145
3.12005710602
3.09078097343
3.05730080605
3.14879989624
3.14216518402
3.14895606041
3.10165190697
3.13118720055
3.14229893684
3.07761096954
3.10897088051
3.06225085258
3.06412005424
3.05941915512
3.10691905022
3.14569807053
3.06253504753
3.09922003746
3.14067196846
3.12290215492
3.10123991966
3.12261199951
3.14260101318
3.05725598335
3.10084295273
3.0806760788
3.06230401993
3.05436515808
3.08645510674
3.16628503799
3.10286903381
3.05629205704
3.1199297905
3.12354302406
3.08480501175
3.10105991364
3.12074899673
3.05621409416
3.03963685036
3.08103108406
3.25018882751
3.89017605782
3.88838291168
3.5113401413
3.08137083054
3.10247302055
3.07819890976
3.12406992912
3.12522792816
3.11973500252
3.06018519402
4.2194750309
4.32972478867
4.35544109344
4.13549590111
3.09926390648
3.05505299568
3.07629084587
3.10538387299
3.10431408882
3.11894798279
3.08294916153
3.08454394341
3.10041904449
3.11697888374
3.27132511139
3.26154994965
3.18441295624
3.23609089851
3.09634184837
3.09613418579
3.12029385567
3.087651968
3.08571887016
3.09912800789
3.05351090431
3.10743618011
3.08071708679
3.07654500008
3.11964488029
3.10679292679
3.14631390572
3.12444496155
3.11745905876
3.07710409164
3.0796649456
3.07881689072
3.10578203201
3.10028600693
3.07972002029
3.03804588318
3.06215882301
3.05375099182
3.07776999474
3.1199798584
3.10157203674
3.12636899948
3.09864187241
3.10120987892
3.08043813705
3.08407902718
3.05248594284
3.09694385529
3.08456587791
3.0796649456
3.06239485741
3.0542049408
3.05746102333
3.07968020439
3.10484600067
3.12165498734
3.07676815987
3.10270881653
3.07729411125
3.07993602753
3.07362103462
3.05927395821
3.07867693901
3.08093714714
3.05128288269
3.01194405556
3.05960392952
3.06434392929
3.07883000374
3.11378908157
3.10281181335
3.1108751297
3.12487101555
3.07721805573
3.07409095764
3.0821158886
3.08123493195
3.09334301949
3.09880304337
3.0356900692
3.0430021286
3.05788493156
3.05329704285
3.07890295982
3.0955350399
3.11887907982
3.10186195374
3.09953594208
3.06224608421
3.07744002342
3.06395697594
3.05226588249
3.08005213737
3.10217905045
3.03648710251
3.03079795837
3.07856416702
3.0456199646
3.06346893311
3.09860301018
3.09937500954
3.10619497299
3.0757420063
3.05324697495
3.05631709099
3.05514597893
3.10737204552
3.08686208725
3.05594706535
3.01339101791
3.04317593575
3.05671310425
3.05556416512
3.11919093132
3.12987780571
3.12164306641
3.10654783249
3.07775592804
3.05325508118
3.0583820343
3.06014609337
3.10651183128
3.09945201874
3.03710699081
3.03604578972
3.04754304886
3.05342912674
3.05239295959
3.10388994217
3.1039249897
3.10642695427
3.07709598541
3.08056402206
3.08096003532
3.08039784431
3.09765410423
3.09690499306
3.05842494965
3.0419819355
3.07721304893
3.05615305901
3.1032409668
3.12265586853
3.10316109657
3.12099885941
3.07623100281
3.06818413734
3.06624102592
3.07798290253
3.09474802017
3.10121703148
3.05798411369
3.04137611389
3.0523750782
3.07660722733
3.07998895645
3.10190105438
3.09670305252
3.09807491302
3.0541510582
3.06500291824
3.05829787254
3.0348739624
3.07387399673
3.06682491302
3.03858399391
3.01292204857
3.0348341465
3.05922198296
3.06257605553
3.10008597374
3.10069608688
3.11065196991
3.08562612534
3.08565306664
3.09842300415
3.07681417465
3.10489487648
3.12561988831
3.10206890106
3.05592918396
3.03675103188
3.06715703011
3.08083605766
3.07782077789
3.12081003189
3.12794494629
3.12381577492
3.07868909836
3.07810592651
3.08225703239
3.06009101868
3.08337688446
3.10278511047
3.07479095459
3.05833816528
3.05816698074
3.07771897316
3.07774305344
3.89423322678
3.2307498455
3.55885004997
5.65784311295
6.51938009262
3.92322087288
3.68002486229
3.59566688538
3.35532307625
3.16448402405
3.40799283981
3.46335816383
3.37667417526
3.42207598686
3.42174386978
3.42249393463
3.33778882027
3.36510896683
3.35541701317
3.33738303185
3.35600018501
3.31480288506
3.32059383392
3.33867502213
3.35679221153
3.37759184837
3.38564395905
3.36133384705
3.36045694351
3.55419588089
3.38940691948
3.3362891674
3.40093708038
3.36378002167
3.35908007622
3.3621931076
3.34353113174
3.35716295242
3.3777089119
3.3765809536
3.35856509209
3.50932908058
3.2719810009
3.35660409927
3.42234301567
3.36106395721
3.31865811348
3.29584693909
3.35908889771
3.33420610428
3.28943610191
3.30231189728
3.37848997116
3.32480621338
3.29060411453
3.24705195427
3.31628584862
3.29213809967
3.29646015167
3.33371710777
5.397179842
4.80246496201
3.33151102066
3.32245397568
3.27001810074
3.33414101601
3.33766794205
3.33573102951
3.24778103828
3.33520579338
3.31040692329
3.31012105942
3.3238530159
3.29632210732
3.27303791046
3.01232790947
3.39969110489
3.57684087753
3.31800198555
3.30327510834
3.31532597542
3.311866045
3.33077597618
3.31411004066
3.29013705254
3.32165884972
3.3114938736
3.29238295555
3.27907800674
3.2967441082
3.33427882195
3.25048995018
3.57029008865
3.31415295601
3.29440283775
3.35254812241
3.29869699478
3.33600902557
3.27107691765
3.30692100525
3.29442286491
3.27544879913
3.2952439785
3.31195497513
3.29340100288
3.31604504585
3.2318007946
3.28006196022
3.33340287209
3.29062199593
3.35512804985
3.39909505844
3.33627295494
3.33394598961
3.23258709908
3.29574394226
3.32274317741
3.31490492821
3.33460998535
3.31119704247
3.25166201591
3.32945394516
3.28494000435
3.27991104126
3.27570796013
3.29665613174
3.2868001461
3.31284594536
3.42342281342
3.2574160099
3.29595303535
3.29223895073
3.31257390976
3.3166718483
3.32098913193
3.27010703087
3.29498004913
3.30983901024
3.27034687996
3.26771712303
3.24867796898
3.55848622322
3.16084599495
3.33553719521
3.25254797935
3.33967709541
3.33466410637
3.35283279419
3.3145711422
3.26830601692
3.30928087234
3.31838798523
3.32444286346
3.29347801208
3.37562179565
3.33540201187
3.3388030529
3.31347489357
3.35583591461
3.27786397934
3.29067206383
3.30446887016
3.29394984245
3.29971289635
3.33355689049
3.20639586449
3.31319499016
3.36681389809
3.32014989853
3.33181023598
3.24062585831
3.33274793625
3.29596996307
3.33838105202
3.34194493294
3.33954691887
3.29270410538
3.27084302902
3.29747200012
3.25226402283
3.25268721581
3.25554704666
3.85120105743
3.76410198212
3.70077514648
3.4784040451
3.10264515877
3.34436702728
3.2762298584
3.26998496056
3.27134799957
3.29758310318
3.22625184059
3.31329298019
3.30033802986
3.30293297768
3.29358100891
3.26888608932
3.26702094078
3.81406593323
3.40074396133
3.25575089455
3.31579208374
3.26948094368
3.28738903999
3.2606818676
3.35671806335
3.31160902977
3.33954191208
3.2657558918
3.28357005119
3.28755712509
3.52679395676
3.35307502747
3.2949180603
3.31195187569
3.31194996834
3.32047200203
3.29972410202
3.26014900208
3.33528494835
3.31199097633
