2.77801799774
2.79903292656
2.82194113731
2.80869603157
2.82254385948
2.84341692924
2.84976887703
2.8434419632
2.84638381004
2.81862401962
2.82490611076
2.84926605225
2.84228205681
2.84298300743
2.82456302643
2.8239068985
2.8325920105
2.82236504555
2.82395100594
2.82005620003
2.84118199348
2.84534978867
2.8424987793
2.83969092369
2.84003591537
2.84382390976
2.8226749897
2.84334921837
2.8266479969
2.8316321373
2.81914496422
2.83996009827
2.82927083969
2.81643414497
2.82006692886
2.82006311417
2.84246110916
2.82000184059
2.83766293526
2.81666994095
2.82099199295
2.8399450779
2.83463811874
2.82483410835
2.83669900894
2.81374883652
2.82293200493
2.83850812912
2.82202601433
2.81485414505
2.81677699089
2.8373978138
2.83075690269
2.83943891525
2.82123303413
2.82077598572
2.84042906761
2.84185290337
2.81808710098
2.84539604187
2.81593608856
2.82211494446
2.82161307335
2.81506896019
2.79327106476
2.83622002602
2.8428440094
2.83869886398
2.8329770565
2.82386898994
2.81579995155
2.84007287025
2.82783699036
2.82704591751
2.8402030468
2.82021999359
2.80750203133
2.82184696198
2.81795501709
2.8069589138
2.82194280624
2.85044693947
2.83666706085
2.82967114449
2.82370615005
2.81447100639
2.83957314491
2.83992099762
2.81733107567
2.83880901337
2.82508897781
2.81613111496
2.81558299065
2.83629107475
2.80428195
2.80124306679
2.81725001335
2.84066390991
2.82579088211
2.82878804207
2.81617617607
2.84147882462
2.84829616547
2.81945300102
2.84063100815
2.8203971386
2.80081009865
2.82187509537
2.82073616982
2.8073990345
2.82118487358
2.83956718445
2.83789110184
2.81995201111
2.81997299194
2.81629705429
2.83769607544
2.81743884087
2.81608200073
2.83807897568
2.82389593124
2.81815886497
2.81915712357
2.82379794121
2.79979681969
2.81995916367
2.82055997849
2.82770705223
2.82152819633
2.79699707031
2.82102894783
2.8228828907
2.8165268898
2.81896400452
2.82303380966
2.82103204727
2.81907606125
2.81173086166
2.82333707809
2.81421113014
2.79494905472
2.81894397736
2.8434650898
2.8129940033
2.81124186516
2.79748415947
2.83989095688
2.8155040741
2.82737708092
2.837444067
2.81760501862
2.81412982941
2.79825186729
2.82852578163
2.79372882843
2.80633091927
2.81999182701
2.81949591637
2.81655406952
2.80146193504
2.82582807541
2.82019305229
2.81562304497
2.82394194603
2.83972191811
2.81910610199
2.80311012268
2.80010890961
2.81890296936
2.79750609398
2.8027369976
2.82852697372
2.81646895409
2.80626702309
2.79760813713
2.84181284904
2.7977809906
2.80417704582
2.82202601433
2.82082009315
2.82105183601
2.7993080616
2.80259609222
2.81959605217
2.78386902809
2.79993581772
2.84134197235
2.81712293625
2.80416178703
2.80352807045
2.81956911087
2.80695199966
2.81909704208
2.82047605515
2.81805086136
2.80350422859
2.79520893097
2.81603288651
2.79913187027
2.79703593254
2.83013892174
2.83853602409
2.79851102829
2.78779411316
2.83605909348
2.79255890846
2.8208360672
2.80500912666
2.83858680725
2.81983399391
2.80726504326
2.79756808281
2.8109960556
2.78500103951
2.82306098938
2.83757305145
2.81830406189
2.79833102226
2.82375216484
2.79517292976
2.82020306587
2.8003590107
2.81481003761
2.81933093071
2.80206298828
2.79654479027
2.81649208069
2.79575109482
2.80698084831
2.82010698318
2.8105199337
2.80155801773
2.80079507828
2.81946992874
2.79840087891
2.81616401672
2.81874012947
2.81936407089
2.82278299332
2.80437898636
2.82041597366
2.82107901573
2.78203177452
2.82182788849
2.84121799469
2.8093791008
2.80036497116
2.82548594475
2.79792785645
2.80336093903
2.80176186562
2.81989312172
2.79928398132
2.80423903465
2.79691100121
2.81931400299
2.77985596657
2.82499194145
2.83862900734
2.79736590385
2.80936908722
2.82767987251
2.81198692322
2.816395998
2.80799198151
2.81891298294
2.7953338623
2.80829501152
2.81928110123
2.81807088852
2.7783229351
2.82052397728
2.82163596153
2.81690216064
2.79675102234
2.80731105804
2.81991696358
2.81919193268
2.82181215286
2.806442976
2.79809689522
2.80064296722
2.80448913574
2.83320903778
2.79496884346
2.81883096695
2.82137489319
2.81823801994
2.81635785103
2.79962491989
2.80927705765
2.79804205894
2.80778193474
2.82203483582
2.82012605667
2.79821896553
2.78616404533
2.80238199234
2.79675006866
2.77957296371
2.80887079239
2.81994104385
2.7976038456
2.82385706902
2.79910683632
2.8198890686
2.8171210289
2.8228700161
2.80834102631
2.8180129528
2.80042886734
2.80128288269
2.81900310516
2.79149007797
2.79956007004
2.82058978081
2.81552886963
2.81823992729
2.8209002018
2.81479120255
2.81804013252
2.82081913948
2.80623006821
2.84135103226
2.79768109322
2.80424594879
2.81629014015
2.777821064
2.79889416695
2.82490682602
2.81893491745
2.81884789467
2.82015395164
2.80247020721
2.82001304626
2.79877591133
2.82376003265
2.79840183258
2.81833291054
2.8016910553
2.78332614899
2.81892895699
2.77373790741
2.82041883469
2.82602405548
2.82002282143
2.82195782661
2.80112981796
2.81381392479
2.81935286522
2.79944801331
2.82200217247
2.83636403084
2.80385708809
2.80245113373
2.8190779686
2.81971406937
2.78096294403
2.82208395004
2.82033014297
2.81477499008
2.82268190384
2.80439186096
2.8199570179
2.80430817604
2.80241203308
2.81642103195
2.81786799431
2.79691910744
2.80038404465
2.81911706924
2.78546404839
2.82187604904
2.83559298515
2.81106710434
2.81986904144
2.81929588318
2.81886982918
2.81505203247
2.82192921638
2.82130908966
2.81725692749
2.79958605766
2.80065608025
2.81732392311
2.79257106781
2.82503080368
2.84141778946
2.83797597885
2.81893706322
2.82364201546
2.81785082817
2.84037399292
2.80417585373
2.83044981956
2.81603693962
2.82092404366
2.80098104477
2.82286882401
2.81501579285
2.78674793243
2.82090997696
2.83996295929
2.81728100777
2.82452297211
2.8249399662
2.81717991829
2.82115912437
2.80473089218
2.82443904877
2.8194861412
2.82160902023
2.80615496635
2.82002305984
2.81891798973
2.77792787552
2.81798696518
2.82012701035
2.83021712303
2.8092019558
2.81896710396
2.81680107117
2.82084298134
2.81651806831
2.81663990021
2.81968903542
2.82087492943
2.79935598373
2.82031989098
2.82311606407
2.79632592201
2.81348013878
2.81397485733
2.82305502892
2.82141113281
2.81816196442
2.80138278008
2.82559609413
2.82166290283
2.81523799896
2.82398891449
2.81587505341
2.81590008736
2.81902194023
2.79912304878
2.80543398857
2.81575202942
2.8219769001
2.81545901299
2.81700515747
2.81869101524
2.80395293236
2.82505202293
2.81997585297
2.82976293564
2.81870102882
2.80062890053
2.79368805885
2.82791209221
2.80043411255
2.79717493057
2.81524205208
2.81020188332
2.82544994354
2.81793999672
2.82375502586
2.81104803085
2.82180595398
2.82024717331
2.82099199295
2.81696987152
2.81595396996
2.80170488358
2.82204890251
2.79859304428
2.79717302322
2.82106518745
2.82369303703
2.83936810493
2.82093906403
2.82640695572
2.80211186409
2.81914019585
2.83909702301
2.81745314598
2.81870388985
2.8188700676
2.80280089378
2.82040691376
2.79551005363
2.79935789108
2.8297598362
2.82008194923
2.81978583336
2.82389616966
2.82008004189
2.79388809204
2.81527805328
2.82770609856
2.82587480545
2.81796503067
2.81674909592
2.81810307503
2.8149189949
2.81746196747
2.80812287331
2.82389807701
2.81661295891
2.83690786362
2.82200598717
2.82234311104
2.79416203499
2.79905414581
2.8393740654
2.82262897491
2.8168129921
2.82104992867
2.80383491516
2.81237220764
2.79861998558
2.80609583855
2.82052206993
2.84038114548
2.82188391685
2.82655310631
2.81669902802
2.79904603958
2.80202889442
2.84369301796
2.81455111504
2.8208129406
2.79985404015
2.81856799126
2.82066893578
2.79940295219
2.80031681061
2.8120238781
2.80359697342
2.81831097603
2.83255004883
2.81631207466
2.79947900772
2.8000729084
2.84147191048
2.81696009636
2.81726503372
2.81371593475
2.8198928833
2.82875704765
2.80130982399
2.81720805168
2.82008194923
2.80036115646
2.82025194168
2.81902194023
2.82327890396
2.80565810204
2.79752898216
2.84200787544
2.82190895081
2.82392787933
2.81906580925
2.81495809555
2.82329702377
2.79898500443
2.81518387794
2.8189470768
2.79854416847
2.82179689407
2.81828403473
2.82026386261
2.82000803947
2.77716588974
2.82686305046
2.82194805145
2.82213306427
2.81352806091
2.80245804787
2.79916405678
2.7949860096
2.79151105881
2.80732107162
2.79855012894
2.81929397583
2.82786798477
2.82217693329
2.81763386726
2.77637505531
2.82288002968
2.82192182541
2.81816887856
2.79759907722
2.80119609833
2.79444694519
2.77423119545
2.7970290184
2.80025792122
2.79833102226
2.79733204842
2.8237080574
2.82260394096
2.81956386566
2.77882003784
2.80262804031
2.83636808395
2.81667399406
2.80794000626
2.80041790009
2.79846811295
2.80349493027
2.79851198196
2.81531500816
2.79845404625
2.81915402412
2.84024500847
2.817923069
2.82014608383
2.78021502495
2.82189488411
2.81870913506
2.80628299713
2.7955160141
2.81593489647
2.79826617241
2.79939198494
2.80435585976
2.79815602303
2.79864406586
2.80928397179
2.81690096855
2.81759309769
2.82172894478
2.78666996956
2.80046010017
2.82317590714
2.82074689865
2.80461406708
2.81697916985
2.78858208656
2.80464100838
2.8169400692
2.79947304726
2.80258989334
2.80607104301
2.81995391846
2.82542014122
2.82262301445
2.79367494583
2.81884288788
2.82967710495
2.8198428154
2.81512713432
2.83019709587
2.79715204239
2.80694007874
2.81900501251
2.79954409599
2.8043949604
2.81422495842
2.83582401276
2.81905508041
2.82181286812
2.79748296738
2.80492997169
2.82106399536
2.81953406334
2.81418204308
2.80246806145
2.79675602913
2.79678702354
2.81855988503
2.80246901512
2.79472398758
2.81691813469
2.82665896416
2.81965899467
2.81528520584
2.79746508598
2.81474208832
2.82199692726
2.82178092003
2.80723190308
2.80264115334
2.80039596558
2.81617093086
2.80054402351
2.81788778305
2.79637217522
2.80234479904
2.81995010376
2.81982493401
2.81465101242
2.80044913292
2.80305600166
2.7987780571
2.81908082962
2.82383203506
2.80686116219
2.79837417603
2.80345797539
2.80616784096
2.79915499687
2.79942703247
2.8006310463
2.8200750351
2.8186879158
2.80810809135
2.80035996437
2.79065990448
2.79619216919
2.8200750351
2.80249595642
2.79887008667
2.79683303833
2.80417609215
2.80020093918
2.79755592346
2.8046131134
2.77957201004
2.81765818596
2.8179359436
2.82283496857
2.82796001434
2.79940390587
2.79652500153
2.82571291924
2.81984591484
2.81883001328
2.77967405319
2.808396101
2.81687092781
2.79278588295
2.82474708557
2.78509616852
2.81527400017
2.82120800018
2.82386612892
2.83935284615
2.81677699089
2.78574800491
2.80052399635
2.81870102882
2.80438995361
2.800344944
2.79576015472
2.81407594681
2.79961490631
2.82210898399
2.79469680786
2.80497288704
2.82046985626
2.82953000069
2.8151011467
2.8072822094
2.80130195618
2.79738593102
2.8190510273
2.82389616966
2.8078789711
2.79769706726
2.82104992867
2.80548810959
2.81808686256
2.82096910477
2.80154180527
2.82194018364
2.8358309269
2.8425590992
2.82192897797
2.82890486717
2.79878997803
2.8190100193
2.82813286781
2.81908392906
2.79837489128
2.80718708038
2.80092215538
2.80049490929
2.82392907143
2.79767584801
2.79853701591
2.81997609138
2.84395813942
2.84931111336
2.81994199753
2.80460691452
2.81530809402
2.82617402077
2.79878902435
2.77980399132
2.82116794586
2.82027316093
2.81658506393
2.81014990807
2.80661797523
2.7964990139
2.82616281509
2.82563495636
2.8400850296
2.81981897354
2.79759812355
2.8045399189
2.84145092964
2.82237410545
2.80626988411
2.82271409035
2.79844903946
2.80621910095
2.79382896423
2.81989598274
2.79855203629
2.80819511414
2.82610297203
2.83934903145
2.83162379265
2.80431389809
2.79892611504
2.83700895309
2.8210978508
2.77896499634
2.81719088554
2.82604598999
2.80547094345
2.80345797539
2.81930303574
2.80250000954
2.80075311661
2.81744003296
2.81802296638
2.84442710876
2.81961798668
2.7996199131
2.82503294945
2.82174086571
2.79773712158
2.7968711853
2.82272291183
2.79659485817
2.7976038456
2.82384109497
2.79834008217
2.80099892616
2.81355404854
2.81900715828
2.83785700798
2.81578087807
2.79699492455
2.82561802864
2.84253883362
2.79927802086
2.79358005524
2.8222489357
2.81410002708
2.81610894203
2.80147218704
2.82059192657
2.79917788506
2.80907487869
2.81991815567
2.85131907463
2.83945202827
2.80682897568
2.81987380981
2.84128308296
2.81603288651
2.80414581299
2.8150229454
2.81305599213
2.81880688667
2.8218588829
2.84138798714
2.79758906364
2.82111406326
2.82093906403
2.83962607384
2.84130501747
2.8431558609
2.80174899101
2.81895089149
2.84038090706
2.80045986176
2.81981015205
2.81617808342
2.82446694374
2.8209631443
2.81795096397
2.85415697098
2.79259705544
2.84809494019
2.8346581459
2.82384896278
2.86666202545
2.84135293961
2.79836606979
2.81971597672
2.84217190742
2.82004308701
2.81749296188
2.81700396538
2.81961512566
2.81248307228
2.82510209084
2.84636497498
2.79280495644
2.81660103798
2.82225298882
2.83964800835
2.86293387413
2.83922100067
2.81608009338
2.83752202988
2.83574700356
2.80916309357
2.80914497375
2.83937215805
2.82048606873
2.81971096992
2.82382297516
2.83938694
2.80417585373
2.84136795998
2.81720900536
2.83940696716
2.84348797798
2.86105704308
2.81987309456
2.81987500191
2.85030603409
2.82297611237
2.81733703613
2.84172105789
2.8111000061
2.82015800476
2.81659603119
2.83660578728
2.82006382942
2.79770421982
2.80823206902
2.82780408859
2.84149193764
2.86049103737
2.8237080574
2.81893181801
2.84009599686
2.8403801918
2.79985690117
2.84133982658
2.81478309631
2.81863594055
2.8219640255
2.8188970089
2.83862996101
2.80125999451
2.82193183899
2.81850600243
2.8390390873
2.84432387352
2.84328389168
2.82008099556
2.80842018127
2.84510993958
2.83675694466
2.81791496277
2.839427948
2.80304813385
2.81997394562
2.81804800034
2.8188700676
2.84526491165
2.81798505783
2.82185101509
2.82549500465
2.8365008831
2.84059214592
2.82851815224
2.81780314445
2.83849692345
2.82664489746
2.79563784599
2.82938313484
2.79793310165
2.82278990746
2.81017303467
2.81880092621
2.83694696426
2.80799603462
2.8221142292
2.81653213501
2.84600901604
2.84377598763
2.84237790108
2.79840302467
2.83549904823
2.84141683578
2.79534697533
2.82185602188
2.8207988739
2.80285096169
2.81800794601
2.8180668354
2.84267711639
2.83735895157
2.80238699913
2.8253800869
2.84222388268
2.83852887154
2.84926605225
2.82093191147
2.82503509521
2.84147596359
2.81791710854
2.81608390808
2.8199031353
2.79567503929
2.82780504227
2.80096888542
2.8372900486
2.84517478943
2.80483698845
2.81894207001
2.81835412979
2.84704995155
2.84047603607
2.83727216721
2.81811594963
2.8257830143
2.84414792061
2.82188487053
2.82187891006
2.79943799973
2.81982111931
2.81702709198
2.82751011848
2.84293198586
2.82001614571
2.82386112213
2.8161380291
2.8420920372
2.84047794342
2.82893204689
2.82090091705
2.84091305733
2.84110808372
2.82558894157
2.82376790047
2.81898403168
2.80161499977
2.81984686852
2.82152199745
2.84050798416
2.84342598915
2.80630707741
2.81894087791
2.82023882866
2.84411001205
2.84432983398
2.81279301643
2.81670308113
2.84848403931
2.79939007759
2.8180270195
2.82109689713
2.80292987823
2.81900215149
2.81977701187
2.83966612816
2.84286284447
2.81488704681
2.81649589539
2.8234231472
2.83536100388
2.84341907501
2.8026638031
2.82328891754
2.84015393257
2.79936480522
2.83197188377
2.8237259388
2.79902815819
2.82490611076
2.81010890007
2.83947300911
2.8388299942
2.81139183044
2.80531001091
2.82047390938
2.84426617622
2.84815502167
2.81317901611
2.83971691132
2.84506082535
2.80213689804
2.81877088547
2.81751203537
2.80408787727
2.8192820549
2.81803107262
2.84431409836
2.84336590767
2.82034301758
2.81610298157
2.82601809502
2.84205412865
2.83622002602
2.81897187233
2.83178901672
2.84450888634
2.8004989624
2.82190895081
2.82404589653
2.81564307213
2.81843709946
2.80446791649
2.82193303108
2.8382089138
2.8027009964
2.81687879562
2.82176613808
2.84024214745
2.84432792664
2.82201004028
2.84142208099
2.83542084694
2.80166220665
2.82011389732
2.83652710915
2.80627393723
2.82071590424
2.81637096405
2.81802082062
2.84301781654
2.82403206825
2.8150331974
2.8112950325
2.8405148983
2.84262800217
2.81783103943
2.84538793564
2.84294700623
2.79850101471
2.81317019463
2.82518815994
2.79873895645
2.81690382957
2.8025021553
2.79655313492
2.83842396736
2.83938002586
2.79854512215
2.79856204987
2.81582188606
2.83848118782
2.84002494812
2.82211780548
2.83853602409
2.8247179985
2.81795406342
2.81430578232
2.79877305031
2.80335998535
2.82299900055
2.81522202492
2.84197902679
2.85025119781
2.82230687141
2.81575512886
2.83710885048
2.84648108482
2.81798911095
2.81991815567
2.84658908844
2.8198390007
2.81620621681
2.8209631443
2.80038619041
2.81812381744
2.81996297836
2.80929803848
2.8405649662
2.83901596069
2.81951093674
2.82002210617
2.82213902473
2.8189997673
2.82569599152
2.82135009766
2.83937907219
2.82101392746
2.8214738369
2.82118201256
2.81885814667
2.79633116722
2.81862592697
2.82201600075
2.83788299561
2.84300804138
2.82233905792
2.81899404526
2.82022500038
2.82112002373
2.82085299492
2.81209588051
2.84287714958
2.79942893982
2.80056500435
2.79833102226
2.82012796402
2.79932403564
2.81628799438
2.8191049099
2.82483887672
2.82316398621
2.8198029995
2.80235505104
2.82098698616
2.83947110176
2.81908106804
2.82791209221
2.84445309639
2.81919002533
2.8205909729
2.82387089729
2.81151008606
2.81349015236
2.82784986496
2.81727695465
2.83622193336
2.83646011353
2.81894516945
2.8248898983
2.83660006523
2.84556508064
2.82379698753
2.82745099068
2.84243106842
2.81113982201
2.82017397881
2.81614804268
2.81902909279
2.80219006538
2.84224700928
2.81298685074
2.8237361908
2.84704113007
2.83843684196
2.81798410416
2.84349799156
2.82538700104
2.81793189049
2.84127998352
2.839179039
2.82457494736
2.81957507133
2.81982898712
2.82271504402
2.81509995461
2.83824300766
2.82002782822
2.83877587318
2.83634495735
2.81590080261
2.81645393372
2.82311820984
2.83924794197
2.8258690834
2.83888220787
2.83430600166
2.81515789032
2.82189488411
2.80651211739
2.8327319622
2.80111598969
2.82071089745
2.81920003891
2.83569598198
2.82335400581
2.81950616837
2.81801700592
2.81866788864
2.82773685455
2.80874300003
2.81901288033
2.8496530056
2.80566692352
2.81906986237
2.79826116562
2.82635498047
2.79955196381
2.81699895859
2.81785202026
2.82081103325
2.82497596741
2.81906795502
2.81853508949
2.81807923317
2.83746695518
2.8197479248
2.82602596283
2.84242606163
2.8188700676
2.80551290512
2.81003499031
2.81596517563
2.79752492905
2.82062506676
2.82602882385
2.81902098656
2.81587505341
2.84147500992
2.80075907707
2.84108400345
2.84834194183
2.82005810738
2.81850481033
2.84038496017
2.82322716713
2.82187104225
2.82135987282
2.81996798515
2.8220140934
2.80178499222
2.81791901588
2.82190084457
2.82870197296
2.84131193161
2.81318807602
2.86877608299
2.84532403946
2.83470201492
2.79993104935
2.84039497375
2.82259988785
2.81886601448
2.80733704567
2.79631304741
2.82026314735
2.79470300674
2.82383513451
2.81751394272
2.81992101669
2.83180618286
2.79941487312
2.81601881981
2.83663606644
2.84164500237
2.79931783676
2.81996798515
2.84048604965
2.82767009735
2.82283210754
2.79451203346
2.82157301903
2.80116915703
2.81320595741
2.81314396858
2.82167100906
2.83046197891
2.81817603111
2.82531905174
2.84437298775
2.8398630619
2.82000684738
2.8194899559
2.82821702957
2.81591296196
2.81914496422
2.80329394341
2.82279205322
2.79928398132
2.81767201424
2.81996202469
2.81588387489
2.82167005539
2.80682206154
2.82189416885
2.84145307541
2.84581804276
2.81991219521
2.80389404297
2.83760404587
2.82066106796
2.80499887466
2.81955885887
2.81521201134
2.80078816414
2.82770204544
2.82007694244
2.82281088829
2.82738995552
2.814909935
2.81992316246
2.82591199875
2.84612798691
2.83556604385
2.81938791275
2.8322930336
2.82378792763
2.81615900993
2.81498908997
2.82487392426
2.82018589973
2.81898283958
2.83014202118
2.8215880394
2.83774995804
2.84103393555
2.82181692123
2.8283200264
2.840061903
2.84842014313
2.82065606117
2.8415658474
2.84109115601
2.8273370266
2.82197093964
2.81804704666
2.82964205742
2.82048392296
2.8271188736
2.81416416168
2.82582211494
2.82876682281
2.82080388069
2.8413040638
2.85072302818
2.84043502808
2.81702709198
2.82298398018
2.84345412254
2.8180270195
2.81543397903
2.80322813988
2.82955908775
2.81918311119
2.81980895996
2.82123303413
2.82004094124
2.81946587563
2.80011200905
2.82396507263
2.84161400795
2.81882691383
2.79755783081
2.82213997841
2.82054901123
2.81490588188
2.82639598846
2.79944396019
2.8179500103
2.79918003082
2.82669901848
2.81693410873
2.81567406654
2.82365894318
2.80091500282
2.83836007118
2.84531092644
2.82679414749
2.79848003387
2.8176009655
2.82475781441
2.83309006691
2.81852793694
2.81522011757
2.82670116425
2.80238604546
2.81879091263
2.82672786713
2.82291483879
2.81997609138
2.80035996437
2.83929610252
2.84315395355
2.83939695358
2.80065608025
2.81830811501
2.82979011536
2.82030510902
2.82215118408
2.81125402451
2.81984400749
2.79430198669
2.82443785667
2.82335019112
2.81614518166
2.83189082146
2.79937314987
2.82032394409
2.83845591545
2.84437990189
2.80758094788
2.81642508507
2.83893299103
2.8218228817
2.82394909859
2.81541419029
2.82267093658
2.82054901123
2.81995606422
2.8380920887
2.82090187073
2.84331989288
2.81317687035
2.81898880005
2.84526801109
2.83662509918
2.83939599991
2.82189202309
2.81754684448
2.81895804405
2.81921386719
2.82376813889
2.8293390274
2.82105183601
2.80836415291
2.82186388969
2.81684780121
2.81897616386
2.82204079628
2.80294895172
2.81898593903
2.84036803246
2.84292888641
2.8227751255
2.82003307343
2.82463693619
2.82183599472
2.81533408165
2.8195271492
2.82587909698
2.81908798218
2.81683111191
2.81924009323
2.82005095482
2.84157705307
2.81809210777
2.80299806595
2.82745790482
2.84093594551
2.84225106239
2.79861998558
2.82785606384
2.84208679199
2.82781887054
2.82878613472
2.80771708488
2.81999087334
2.79951286316
2.81008505821
2.8178589344
2.81906795502
2.8023891449
2.81036901474
2.81916713715
2.84700798988
2.8449420929
2.81748008728
2.7960960865
2.82595491409
2.82244300842
2.81952619553
2.8197119236
2.8271009922
2.80238294601
2.81679701805
2.8163561821
2.82847094536
2.81660795212
2.79854607582
2.82268309593
2.82793498039
2.84395503998
2.81750106812
2.8082318306
2.8206038475
2.83993387222
2.82485508919
2.80791687965
2.81959104538
2.82092094421
2.80323195457
2.82128095627
2.8192460537
2.82632708549
2.82143902779
2.79795789719
2.83745002747
2.84509205818
2.82672190666
2.81466317177
2.8180141449
2.82801294327
2.81926488876
2.81534790993
2.80248308182
2.82094717026
2.79940009117
2.82039690018
2.8170979023
2.82098913193
2.81634306908
2.80831217766
2.81722807884
2.8404738903
2.83836603165
2.82419204712
2.79960799217
2.79660105705
2.81974411011
2.82308197021
2.80832791328
2.79787707329
2.80336904526
2.8002550602
2.81942796707
2.81519889832
2.81946611404
2.80255699158
2.79839205742
2.82025814056
2.82457995415
2.85335016251
2.82159590721
2.80228614807
2.82090187073
2.81964898109
2.81716012955
2.82172513008
2.82168793678
2.8170068264
2.82405090332
2.82016205788
2.81896710396
2.81975293159
2.80453205109
2.82976293564
2.81624603271
2.85047101974
2.82771086693
2.8066470623
2.8151640892
2.82322621346
2.82735300064
2.81906890869
2.79921007156
2.82304787636
2.82194185257
2.81914114952
2.82183408737
2.82545804977
2.79901599884
2.81991195679
2.82383012772
2.84080195427
2.83941507339
2.79741215706
2.82413697243
2.82919812202
2.82200908661
2.82792305946
2.80432200432
2.82211995125
2.81665587425
2.82061600685
2.82285690308
2.81621313095
2.8223900795
2.79999613762
2.83843612671
2.84258580208
2.84271907806
2.80809807777
2.79505395889
2.81887102127
2.8244240284
2.82300209999
2.81221795082
2.81529593468
2.8197619915
2.79967617989
2.81999492645
2.82090902328
2.81993603706
2.81888103485
2.8155798912
2.83836078644
2.84152007103
2.83568120003
2.80178117752
2.80157804489
2.84021806717
2.82090997696
2.81882286072
2.79849505424
2.81899595261
2.8010840416
2.80965805054
2.81409287453
2.81992602348
2.82751297951
2.8024160862
2.81761097908
2.83732700348
2.84615588188
2.8259510994
2.812967062
2.83075714111
2.82109093666
2.81599903107
2.81301403046
2.80241894722
2.82537007332
2.7938451767
2.82854104042
2.81987309456
2.83826684952
2.82095384598
2.81918406487
2.84286379814
2.83677101135
2.83756184578
2.79757189751
2.82303309441
2.84084796906
2.81851387024
2.82228398323
2.81373882294
2.81923484802
2.79885911942
2.82263302803
2.81738686562
2.81604504585
2.82223391533
2.80056786537
2.83951401711
2.8404519558
2.83270382881
2.79719400406
2.81587004662
2.82503008842
2.82670402527
2.81984996796
2.8169901371
2.80721998215
2.80229210854
2.81982302666
2.81936907768
2.82287883759
2.81515312195
2.7984149456
2.82279801369
2.82584404945
2.83257198334
2.81432294846
2.79666399956
2.83566713333
2.81896018982
2.8170440197
2.80065393448
2.7935860157
2.81417894363
2.79663205147
2.83013391495
2.82063698769
2.82199001312
2.80359315872
2.82001209259
2.83653283119
2.84135103226
2.82191300392
2.79880690575
2.82149505615
2.82778692245
2.82110595703
2.81990695
2.80710101128
2.82311010361
2.79747009277
2.8170838356
2.82735610008
2.822067976
2.81836485863
2.80859398842
2.82188105583
2.83835196495
2.8415210247
2.80115294456
2.82213401794
2.81918597221
2.81558299065
2.82334399223
2.80258584023
2.81967282295
2.80440998077
2.80130386353
2.81885409355
2.81866407394
2.82516479492
2.80582284927
2.81989002228
2.82346892357
2.84543418884
2.82010102272
2.79800915718
2.83161091805
2.8217549324
2.81990408897
2.79891896248
2.80450582504
2.83016514778
2.79788589478
2.82365107536
2.8205280304
2.81965303421
2.82000684738
2.80493402481
2.8217959404
2.83495903015
2.82340312004
2.80047917366
2.80513811111
2.83144807816
2.82270812988
2.80852293968
2.79676222801
2.81693696976
2.81038689613
2.80108094215
2.81999802589
2.80677509308
2.82066202164
2.7940568924
2.81807088852
2.82396388054
2.84339904785
2.81884813309
2.80909705162
2.82765197754
2.82097387314
2.8199930191
2.80296516418
2.80047798157
2.8171980381
2.79902100563
2.82479500771
2.82093310356
2.81816911697
2.82334184647
2.79870414734
2.81408619881
2.83550596237
2.82149505615
2.80036115646
2.7983379364
2.83008003235
2.82181882858
2.82423782349
2.79765915871
2.80265593529
2.8020567894
2.81604003906
2.81696605682
2.8167488575
2.82105302811
2.79444003105
2.81775307655
2.84141683578
2.84147787094
2.81665802002
2.79820108414
2.82093095779
2.81906318665
2.82853603363
2.80774688721
2.80189919472
2.81504702568
2.80696988106
2.82430195808
2.82085299492
2.81551384926
2.81840586662
2.79980301857
2.81729006767
2.81793618202
2.82133698463
2.8167989254
2.79770493507
2.82083201408
2.82478284836
2.81828808784
2.80407094955
2.80847096443
2.80238413811
2.79841899872
2.82802605629
2.80608797073
2.816010952
2.79872989655
2.81828093529
2.82195115089
2.83787918091
2.8218998909
2.80227994919
2.81735110283
2.81591200829
2.82065916061
2.80622386932
2.79861903191
2.81992387772
2.80622005463
2.82156705856
2.80045604706
2.82976198196
2.80045604706
2.79606199265
2.81886982918
2.84118199348
2.81776309013
2.81301879883
2.80028605461
2.81873011589
2.8357219696
2.81948304176
2.79852509499
2.81675195694
2.79846286774
2.81987285614
2.8216650486
2.81838989258
2.8148829937
2.80245184898
2.81638503075
2.83826208115
2.83825922012
2.81769800186
2.80038619041
2.81673002243
2.8276720047
2.82296299934
2.81731295586
2.79743409157
2.80259203911
2.80357885361
2.81553912163
2.81945514679
2.8231010437
2.79560494423
2.79371094704
2.82574415207
2.85052585602
2.84052395821
2.80075097084
2.79949092865
2.82285809517
2.81709909439
2.79952311516
2.80349493027
2.82578897476
2.79720115662
2.80320715904
2.80637693405
2.82081699371
2.79609012604
2.80490589142
2.81423211098
2.83664608002
2.84042692184
2.80398607254
2.79460811615
2.81715512276
2.81836009026
2.79968214035
2.79254508018
2.80021691322
2.80431604385
2.81867599487
2.79594898224
2.80507516861
2.82559299469
2.79836511612
2.79321217537
2.82961010933
2.84382390976
2.81576299667
2.80285716057
2.82103705406
2.81850910187
2.81705379486
2.79857993126
2.80709481239
2.81999492645
2.79656720161
2.80736613274
2.81753993034
2.81938886642
2.80068182945
2.79851818085
2.81991004944
2.84110498428
2.84227013588
2.80899000168
2.79837393761
2.81952500343
2.82385993004
2.7984058857
2.79770088196
2.80074000359
2.80429005623
2.79870700836
2.82021713257
2.8015961647
2.82079005241
2.79863190651
2.80267000198
2.82154488564
2.8158249855
2.838545084
2.80229282379
2.78296613693
2.81676220894
2.82152700424
2.79443192482
2.80021309853
2.7981069088
2.80049180984
2.80042314529
2.7980120182
2.79864692688
2.81799817085
2.79721403122
2.79724287987
2.82236003876
2.83726215363
2.81620502472
2.79292798042
2.79999494553
2.82358598709
2.81777095795
2.79748296738
2.80754709244
2.79849791527
2.79849720001
2.79624390602
2.81513404846
2.81600499153
2.81032109261
2.80420207977
2.79548192024
2.81976294518
2.84228801727
2.80788087845
2.79694199562
2.81772589684
2.80248403549
2.82286214828
2.796407938
2.8010430336
2.81986618042
2.79674100876
2.81942796707
2.81964898109
2.80180692673
2.79865098
2.80182409286
2.82238507271
2.83868598938
2.82194709778
2.80140304565
2.82347607613
2.81987905502
2.81947803497
2.80240917206
2.8011059761
2.81613707542
2.80212903023
2.8011879921
2.81930994987
2.81723880768
2.82189917564
2.80037903786
2.81920385361
2.82720685005
2.84121894836
2.79456996918
2.79300904274
2.81018018723
2.81109714508
2.82004308701
2.80001401901
2.79763507843
2.80083799362
2.79160690308
2.81164908409
2.80081796646
2.81692004204
2.79242610931
2.82301998138
2.82761406898
2.84048008919
2.80040001869
2.80697798729
2.81955003738
2.82005095482
2.82194113731
2.79633498192
2.79734301567
2.81917214394
2.80256199837
2.80373597145
2.79850816727
2.81989693642
2.80293798447
2.79782295227
2.81339001656
2.83982801437
2.82197999954
2.80033707619
2.80585885048
2.82002878189
2.82433485985
2.79795098305
2.79873108864
2.80244994164
2.79269194603
2.81536412239
2.80823111534
2.80049490929
2.81317710876
2.78179788589
2.81813693047
2.81801819801
2.83679485321
2.79953694344
2.80043888092
2.81906795502
2.81010103226
2.80037593842
2.79657411575
2.79798388481
2.80426001549
2.82083106041
2.7984521389
2.79815220833
2.82186794281
2.78007698059
2.81794500351
2.81939315796
2.84242892265
2.81877279282
2.7956199646
2.81874299049
2.82109308243
2.81359481812
2.79830384254
2.7984161377
2.81525301933
2.7944920063
2.81972408295
2.80379700661
2.81402301788
2.80428385735
2.80224394798
2.82341194153
2.84145307541
2.82575798035
2.80912613869
2.79552006721
2.82027196884
2.82186293602
2.80122900009
2.79147696495
2.81892514229
2.79492616653
2.82005405426
2.81695485115
2.81895804405
2.81892776489
2.79672598839
2.8125629425
2.81991696358
2.84484291077
2.81993913651
2.80048012733
2.82261109352
2.81508398056
2.79714202881
2.79781389236
2.80074501038
2.79931402206
2.80247402191
2.82289886475
2.81921696663
2.81807398796
2.80260205269
2.79528093338
2.81559705734
2.82141399384
2.84319496155
2.79695105553
2.7919960022
2.81746983528
2.80644989014
2.81601786613
2.79784417152
2.82384300232
2.7982070446
2.81902694702
2.79840612411
2.80857491493
2.81335711479
2.79690098763
2.80875992775
2.82503604889
2.84154987335
2.81803607941
2.80353617668
2.82141590118
2.83764004707
2.80178809166
2.80042099953
2.81661009789
2.79899406433
2.80248498917
2.80380487442
2.81323885918
2.82202386856
2.80510520935
2.79846096039
2.81451392174
2.83938288689
2.84443879128
2.8151910305
2.80323410034
2.82394218445
2.8201789856
2.81473302841
2.80813288689
2.82457900047
2.79471993446
2.81718397141
2.81928610802
2.82115793228
2.81385207176
2.79754686356
2.80604100227
2.84138298035
2.84044599533
2.82308793068
2.80151200294
2.79755401611
2.84818696976
2.82194399834
2.80489802361
2.79723095894
2.80619597435
2.80021691322
2.82001495361
2.79454803467
2.81785607338
2.80278396606
2.79480600357
2.82195186615
2.84408307076
2.8374311924
2.83952403069
2.80159497261
2.81809091568
2.8190779686
2.80328583717
2.80238699913
2.81830811501
2.79307198524
2.79935503006
2.81769394875
2.81624317169
2.81425595284
2.80123996735
2.80100703239
2.8325779438
2.82536506653
2.84189009666
2.79768204689
2.81279706955
2.84377908707
2.82196784019
2.80084204674
2.79419398308
2.82221078873
2.80121803284
2.8189971447
2.80418109894
2.82109379768
2.8192679882
2.79752206802
2.80212283134
2.84040403366
2.83958292007
2.82256793976
2.79763007164
2.82124090195
2.82493305206
2.80206918716
2.80201101303
2.81838202477
2.80345702171
2.80237197876
2.80241298676
2.81696105003
2.82193493843
2.7986330986
2.79585194588
2.81476998329
2.8402121067
2.84290790558
2.79852700233
2.81674408913
2.8308391571
2.81712007523
2.7983019352
2.81346106529
2.8083999157
2.79570913315
2.82831811905
2.82030200958
2.82250785828
2.81707692146
2.80344319344
2.81005096436
2.84040021896
2.83855986595
2.82089495659
2.79562902451
2.82083010674
2.82214403152
2.79945683479
2.79767203331
2.81678795815
2.7989051342
2.81702685356
2.79919910431
2.81258916855
2.83854198456
2.80269193649
2.79575991631
2.81838297844
2.84099411964
2.83816981316
2.7979850769
2.80056095123
2.82375788689
2.81593799591
2.80334210396
2.80307984352
2.81216001511
2.79091596603
2.8235809803
2.80907201767
2.82117509842
2.81819701195
2.79843688011
2.79914617538
2.83714699745
2.84343719482
2.8324379921
2.79319787025
2.81470584869
2.84517502785
2.80776691437
2.81593108177
2.81657910347
2.80194807053
2.8202829361
2.79708695412
2.82004284859
2.82195091248
2.79840993881
2.79812598228
2.80060386658
2.83902621269
2.8409819603
2.80897188187
2.79949808121
2.8225710392
2.81301999092
2.78285598755
2.81217885017
2.79594111443
2.80435800552
2.81900191307
2.81601500511
2.81391096115
2.80368590355
2.80037689209
2.79656600952
2.83654093742
2.84082484245
2.84256100655
2.79930496216
2.81905603409
2.82315087318
2.79731583595
2.81536483765
2.7993991375
2.79758787155
2.82010698318
2.80059099197
2.81893110275
2.81703305244
2.79727721214
2.79781389236
2.8282558918
2.81975007057
2.83957886696
2.8047068119
2.82053613663
2.83615899086
2.78138709068
2.79688215256
2.81420898438
2.79790186882
2.82158207893
2.7966170311
2.81524395943
2.82655596733
2.77967000008
2.79541301727
2.81717395782
2.82712697983
2.83757400513
2.79259705544
2.79842686653
2.82978510857
2.80517315865
2.79141998291
2.80208611488
2.78868079185
2.81375098228
2.78948402405
2.80483412743
2.82219791412
2.79470705986
2.79966807365
2.79757380486
2.83375692368
2.83473014832
2.82389211655
2.80077409744
2.81992292404
2.82868599892
2.79856204987
2.82229208946
2.79864311218
2.80351781845
2.79357194901
2.79535198212
2.81707286835
2.82069802284
2.79721093178
2.79917192459
2.82849907875
2.82214713097
2.83567094803
2.79543805122
2.81830096245
2.82381391525
2.79490303993
2.80628204346
2.80111217499
2.79831695557
2.7955532074
2.79864597321
2.8192179203
2.81883597374
2.79610300064
2.79825401306
2.79917693138
2.8402068615
2.83110284805
2.79684901237
2.7948448658
2.83882594109
2.79473090172
2.80046081543
2.799669981
2.80113697052
2.80522990227
2.79039502144
2.80426192284
2.82293105125
2.81007313728
2.79360103607
2.79574513435
2.82575917244
2.82812190056
2.81490111351
2.7855360508
2.82023096085
2.81897687912
2.7974421978
2.82056307793
2.77913212776
2.79809808731
2.79564213753
2.80580592155
2.81989812851
2.8176651001
2.80099606514
2.80249118805
2.83274483681
2.81497097015
2.82218599319
2.78313398361
2.81906199455
2.80630397797
2.79951190948
2.81881785393
2.79655408859
2.7984058857
2.79880690575
2.79787921906
2.81992697716
2.82128715515
2.79742288589
2.79462003708
2.82215499878
2.82972812653
2.81665897369
2.80899000168
2.80138087273
2.82305002213
2.77637600899
2.80046892166
2.80058693886
2.79438018799
2.79373192787
2.78473305702
2.80524301529
2.81893491745
2.77865004539
2.80615901947
2.79281806946
2.81580018997
2.82295894623
2.7815990448
2.79410815239
2.82198810577
2.78898596764
2.79741215706
2.77698016167
2.80462408066
2.79890799522
2.79868197441
2.82097792625
2.825289011
2.77837896347
2.79527997971
2.80243182182
2.81131386757
2.81801486015
2.80109810829
2.80440688133
2.80540704727
2.79445004463
2.80653595924
2.78015995026
2.79949021339
2.79543018341
2.80105400085
2.81852483749
2.82082295418
2.77799606323
2.7994658947
2.7955698967
2.8159430027
2.82678389549
2.8003680706
2.81839704514
2.82046794891
2.78271484375
2.8043680191
2.77773308754
2.80231189728
2.7854487896
2.7952940464
2.81609916687
2.82315087318
2.77911496162
2.79640698433
2.8179500103
2.81753206253
2.82008910179
2.79561400414
2.82848405838
2.80055713654
2.79353308678
2.81215381622
2.78822493553
2.79320693016
2.79749798775
2.80171394348
2.82648396492
2.81700706482
2.79391312599
2.79848408699
2.80520701408
2.82021999359
2.80432295799
2.78012013435
2.81498289108
2.79742407799
2.80021715164
2.80041790009
2.77544689178
2.79905796051
2.77969408035
2.7983891964
2.82011198997
2.80040407181
2.77602005005
2.79767394066
2.83127498627
2.80302190781
2.79549789429
2.79564619064
2.80432796478
2.77964305878
2.80041885376
2.79742383957
2.77698493004
2.78492999077
2.79706716537
2.80847787857
2.81900310516
2.79439496994
2.77673006058
2.79826402664
2.80241203308
2.81556510925
2.77888917923
2.82393193245
2.79845404625
2.79663515091
2.80021810532
2.78678703308
2.79640197754
2.79156804085
2.799492836
2.81406188011
2.81502389908
2.77699279785
2.78477478027
2.81490683556
2.81973600388
2.79703497887
2.79952597618
2.8150241375
2.80037713051
2.78001594543
2.79755020142
2.77539992332
2.7938990593
2.79668092728
2.79480719566
2.82054591179
2.82736992836
2.79947495461
2.79621195793
2.80427503586
2.81675720215
2.79870891571
2.80169701576
2.81798911095
2.7880821228
2.79857611656
2.80536198616
2.78646087646
2.79673600197
2.79796409607
2.80644798279
2.8089389801
2.81698894501
2.79735803604
2.79665112495
2.81904292107
2.81508803368
2.79949784279
2.79951906204
2.81830883026
2.77564787865
2.79862809181
2.79896712303
2.77588009834
2.80166101456
2.78373885155
2.79808807373
2.81508183479
2.81302499771
2.78275895119
2.79846191406
2.79987311363
2.79720211029
2.79841780663
2.79898786545
2.82854700089
2.78206992149
2.79360389709
2.80157804489
2.78232002258
2.79455494881
2.79724502563
2.79783415794
2.81595993042
2.81904888153
2.8040599823
2.79274392128
2.81648302078
2.81994009018
2.80100607872
2.82014894485
2.81744384766
2.80608510971
2.80664205551
2.81910514832
2.7977938652
2.79095315933
2.79820108414
2.79834008217
2.82051110268
2.80173587799
2.78162193298
2.79552602768
2.82145404816
2.80114507675
2.79801106453
2.81806588173
2.80335116386
2.80127310753
2.79994797707
2.80242085457
2.77791118622
2.79759597778
2.79525589943
2.80145001411
2.82780098915
2.81898593903
2.80031299591
2.80656814575
2.80609703064
2.79821896553
2.79843187332
2.82179307938
2.79795694351
2.79842495918
2.79944610596
2.80090093613
2.77464914322
2.80450797081
2.79855084419
2.79853081703
2.82153701782
2.80566596985
2.79687595367
2.79436397552
2.80552697182
2.80056500435
2.79822516441
2.81613588333
2.7974319458
2.7992310524
2.79825997353
2.80187010765
2.78861498833
2.80017399788
2.79445695877
2.80052900314
2.81889200211
2.82007598877
2.79363679886
2.79738402367
2.80115604401
2.81976819038
2.79697108269
2.83779215813
2.795814991
2.79513907433
2.77811479568
2.79855918884
2.77751588821
2.80386900902
2.79656887054
2.79711914062
2.81619501114
2.82111907005
2.80226588249
2.7963578701
2.81746602058
2.80800294876
2.79351902008
2.81935095787
2.80306506157
2.79923701286
2.77538990974
2.79965686798
2.77870297432
2.78559684753
2.79770493507
2.80618596077
2.82126402855
2.81784009933
2.79868102074
2.79972696304
2.80059289932
2.8154540062
2.79574298859
2.8270919323
2.79719209671
2.79945087433
2.7860519886
2.79764604568
2.78934001923
2.80919694901
2.78395986557
2.79381394386
2.81575894356
2.82889890671
2.79930591583
2.79452991486
2.82216095924
2.80436396599
2.7809920311
2.81873893738
2.80624699593
2.79669618607
2.79565596581
2.79684400558
2.77893400192
2.80257987976
2.79616498947
2.80278801918
2.80537605286
2.81510710716
2.81787919998
2.79358696938
2.80706191063
2.79757118225
2.79563212395
2.80987501144
2.81803798676
2.79553699493
2.78458118439
2.78586292267
2.7980401516
2.79576086998
2.80304884911
2.79863595963
2.79597711563
2.80910921097
2.82194304466
2.7924311161
2.79849100113
2.80259203911
2.8075261116
2.79360413551
2.81991100311
2.79686808586
2.79851484299
2.79902791977
2.79948806763
2.79050707817
2.79627680779
2.79786014557
2.80155110359
2.82127308846
2.81981396675
2.80248785019
2.80240678787
2.7980902195
2.79566192627
2.80451512337
2.8230099678
2.79753684998
2.8042280674
2.78061699867
2.81480813026
2.79854917526
2.79158496857
2.80658483505
2.79465293884
2.8237850666
2.82146596909
2.79849100113
2.79529619217
2.80631995201
2.81044387817
2.79839396477
2.81497192383
2.80354404449
2.80428195
2.77689790726
2.80596423149
2.77861595154
2.79797816277
2.79239392281
2.80039215088
2.80644392967
2.81891512871
2.79801607132
2.80244088173
2.81905388832
2.79637289047
2.78372883797
2.82955694199
2.80107212067
2.81289410591
2.78017783165
2.79852199554
2.79758095741
2.79852509499
2.78996086121
2.79248118401
2.8152449131
2.82183599472
2.79927301407
2.79839086533
2.80029702187
2.80238485336
2.79736709595
2.81574606895
2.80625510216
2.79660105705
2.79768204689
2.80700707436
2.78093695641
2.79457902908
2.796448946
2.79480910301
2.80396699905
2.79644417763
2.819876194
2.78375506401
2.79947400093
2.7978310585
2.78383922577
2.81686711311
2.79654121399
2.78867912292
2.7827129364
2.79568886757
2.7945690155
2.78475499153
2.80537199974
2.79277086258
2.81495881081
2.80162596703
2.81802511215
2.79340386391
2.80237913132
2.80310487747
2.79604005814
2.82177114487
2.82192993164
2.80051708221
2.79391288757
2.81611680984
2.78547096252
2.79730987549
2.79359292984
2.77711486816
2.79863500595
2.8170440197
2.81869006157
2.78576397896
2.80040502548
2.79632902145
2.81706595421
2.80323886871
2.81996178627
2.7989218235
2.78092193604
2.78601098061
2.79653215408
2.7752699852
2.79517316818
2.79761385918
2.79467797279
2.821860075
2.79917216301
2.79685401917
2.80237007141
2.80150485039
2.81494402885
2.79555988312
2.81948590279
2.8073489666
2.79562091827
2.77184891701
2.79177093506
2.79922914505
2.80095601082
2.800522089
2.79765796661
2.81485700607
2.79916095734
2.80440092087
2.78483009338
2.79551100731
2.79624986649
2.79739904404
2.81675195694
2.79654192924
2.79335093498
2.77821087837
2.79707288742
2.79841685295
2.78486990929
2.7978579998
2.79614210129
2.80597305298
2.8121638298
2.79739999771
2.79870510101
2.80017614365
2.80127310753
2.7787861824
2.80711603165
2.82174086571
2.79750490189
2.77691507339
2.77796387672
2.80640292168
2.79906702042
2.8063390255
2.79826807976
2.81802415848
2.79922485352
2.8206319809
2.79678702354
2.80051898956
2.80421900749
2.79452800751
2.81773495674
2.79856014252
2.78276395798
2.77856588364
2.79137396812
2.80148291588
2.781924963
2.79724693298
2.79647994041
2.80528497696
2.81992912292
2.82046484947
2.79644179344
2.80391907692
2.80365490913
2.79548716545
2.81899094582
2.80522608757
2.79666304588
2.77231812477
2.78510808945
2.80235004425
2.79346680641
2.78275799751
2.79448199272
2.79885601997
2.79962992668
2.80312204361
2.77774786949
2.79755878448
2.80069899559
2.77920913696
2.79557800293
2.81695699692
2.7993619442
2.78179717064
2.77582502365
2.79643797874
2.7993619442
2.79747390747
2.79739284515
2.80357789993
2.80021190643
2.7974281311
2.79730606079
2.80239415169
2.79954791069
2.79842114449
2.80401182175
2.82261514664
2.79638791084
2.7976629734
2.77895998955
2.78344011307
2.79777383804
2.77582001686
2.80603003502
2.79429507256
2.8003950119
2.81905007362
2.80306696892
2.79625797272
2.8052380085
2.79854989052
2.79724192619
2.81913304329
2.80023503304
2.80061602592
2.77555799484
2.79914617538
2.79896116257
2.7761900425
2.79646396637
2.78878498077
2.79928016663
2.7982468605
2.79821896553
2.80197405815
2.80747079849
2.79371500015
2.80000901222
2.82795500755
2.79619503021
2.79914903641
2.78021192551
2.80006885529
2.79415988922
2.77725505829
2.80234384537
2.79263806343
2.79936408997
2.79976892471
2.80444788933
2.79854893684
2.80015683174
2.79231786728
2.79666805267
2.82012915611
2.80363798141
2.79487800598
2.77099514008
2.80235981941
2.81020188332
2.79496192932
2.81311392784
2.80040597916
2.80472397804
2.8160340786
2.79753494263
2.80007100105
2.80249500275
2.79149889946
2.79453110695
2.81910705566
2.79737997055
2.79515314102
2.7741150856
2.77692604065
2.79543805122
2.7769370079
2.80364489555
2.79544997215
2.79562807083
2.8068959713
2.78376412392
2.79618692398
2.81794500351
2.79655814171
2.78929901123
2.81614398956
2.80573487282
2.7977039814
2.77693104744
2.78945398331
2.80031490326
2.77605390549
2.7928750515
2.80114197731
2.80149793625
2.79856181145
2.77804207802
2.79708409309
2.8010699749
2.80006694794
2.78303599358
2.82780814171
2.79727911949
2.79170298576
2.78139901161
2.800137043
2.79819488525
2.78672909737
2.80430912971
2.79860210419
2.79749107361
2.80112910271
2.784085989
2.79564905167
2.79623579979
2.79968309402
2.79955005646
2.81689596176
2.80233812332
2.78372097015
2.77171397209
2.80465197563
2.78478503227
2.80041003227
2.79334998131
2.79361701012
2.78706598282
2.79550719261
2.79534101486
2.79813313484
2.84157109261
2.79542517662
2.80572414398
2.80713677406
2.79706811905
2.77645611763
2.77893185616
2.79955005646
2.79582095146
2.80065107346
2.80269789696
2.79302501678
2.79666399956
2.80119109154
2.79263520241
2.79867506027
2.80380702019
2.79558181763
2.81863307953
2.79549002647
2.79945087433
2.78369522095
2.7770280838
2.79738783836
2.77684998512
2.79638385773
2.8008749485
2.80109000206
2.79784703255
2.79995799065
2.79713988304
2.82217001915
2.79958295822
2.7960729599
2.80238199234
2.7994799614
2.79852080345
2.77585792542
2.79700994492
2.78554582596
2.77352309227
2.80049109459
2.80786895752
2.79762506485
2.79559111595
2.80333089828
2.80221104622
2.81707620621
2.80830311775
2.80272006989
2.81828117371
2.79602503777
2.7836420536
2.7776350975
2.79453802109
2.79445099831
2.774985075
2.789686203
2.7989628315
2.8043191433
2.80127716064
2.79843902588
2.79723191261
2.79736089706
2.78120684624
2.79816293716
2.79767203331
2.79949903488
2.79684710503
2.77621507645
2.7826769352
2.7966067791
2.77324390411
2.79991388321
2.80823707581
2.79754590988
2.79861092567
2.80131196976
2.80609512329
2.79327487946
2.77984595299
2.80228090286
2.79861497879
2.79788398743
2.78869080544
2.77952098846
2.79851484299
2.79856991768
2.78274798393
2.79942202568
2.7962179184
2.80259084702
2.78332996368
2.79817605019
2.79593205452
2.79557704926
2.79711389542
2.81720280647
2.80625581741
2.7990860939
2.77792096138
2.77646803856
2.80225586891
2.7770409584
2.79879021645
2.80221796036
2.79947900772
2.79569101334
2.7984919548
2.82260298729
2.80235505104
2.77786278725
2.80328702927
2.80723285675
2.79732298851
2.79614210129
2.78658604622
2.79806900024
2.79760789871
2.77313399315
2.79847383499
2.79946994781
2.79794287682
2.80642294884
2.78680300713
2.79947304726
2.79656100273
2.78679704666
2.80048489571
2.79250502586
2.80621600151
2.90752005577
3.14688706398
3.14178013802
3.14634108543
3.12719392776
3.08073091507
3.07286310196
3.07476592064
3.05602693558
3.07588982582
3.07688093185
3.07272601128
3.03699207306
3.04072189331
3.03771996498
3.03368401527
3.03394317627
3.05963301659
3.03764891624
3.16290283203
3.09885311127
3.06114292145
3.06845808029
3.07856297493
3.07586598396
3.05614995956
3.05875086784
3.05823087692
3.03445506096
3.05272603035
3.04074382782
3.06091785431
3.0393140316
3.02783417702
3.01991891861
3.0133368969
3.0328040123
3.04720497131
3.05948114395
3.03348684311
3.0152349472
3.02527403831
3.01257395744
3.01718401909
3.01331210136
3.01426100731
3.03174114227
3.0159869194
3.0201921463
3.01678204536
3.00945520401
3.01064801216
3.02136492729
3.0386941433
3.01334190369
3.00894188881
3.01521015167
3.01307106018
3.00864005089
3.02947592735
3.03458309174
3.03867006302
3.02812695503
3.03017401695
3.01782512665
3.01823401451
3.03132891655
3.03471398354
3.05986189842
3.03598403931
3.0314309597
3.03211712837
3.04316496849
3.03693008423
3.0413351059
3.05571484566
3.02975392342
3.03212499619
3.0232219696
3.03120207787
3.03468585014
3.04463601112
3.07418704033
3.05160212517
3.05044007301
3.03393316269
3.03001904488
3.04448699951
3.05639386177
3.07443499565
3.05729413033
3.05728602409
3.0372607708
3.05225110054
3.05858612061
3.05987405777
3.07768011093
3.05328702927
3.04834413528
3.05892801285
3.0544860363
3.06989097595
3.07564496994
3.07813477516
3.07371211052
3.05330896378
3.07302594185
3.08583712578
3.0807890892
3.10131502151
3.07774806023
3.07735300064
3.06597495079
3.07968902588
3.06262779236
3.09750819206
3.09672403336
3.07970905304
3.08261489868
3.07618689537
3.07323813438
3.08372211456
3.10798692703
3.07741999626
3.09357786179
3.07769012451
3.0757329464
3.08800506592
3.09851503372
3.09800481796
3.08101320267
3.07874512672
3.07967996597
3.07676196098
3.09931302071
3.10023117065
3.08459496498
3.07778286934
3.07456707954
3.08277416229
3.09925413132
3.10887885094
3.09788298607
3.10706090927
3.09828805923
3.08748316765
3.09833502769
3.09880304337
3.11318802834
3.08175611496
3.09504008293
3.09532308578
3.10164499283
3.12085795403
3.12197613716
3.10019612312
3.09321689606
3.10079598427
3.10215711594
3.11848211288
3.14152503014
3.10543394089
3.1176879406
3.09702301025
3.09906792641
3.11948299408
3.13869905472
3.11115503311
3.09878396988
3.11748290062
3.12005090714
3.10344099998
3.12785410881
3.12788105011
3.098279953
3.10642004013
3.10230612755
3.10186100006
3.11998820305
3.13618421555
3.10890102386
3.10005378723
3.12771892548
3.09794688225
3.12437391281
3.14259004593
3.10029697418
3.09720897675
3.11984705925
3.10805106163
3.12365198135
3.1317050457
3.09826898575
3.09777402878
3.11587405205
3.11972403526
3.12951993942
3.14121508598
3.10547399521
3.10289692879
3.12059688568
3.09918403625
3.11860394478
3.1487801075
3.10127902031
3.10319209099
3.11824703217
3.11112308502
3.1233921051
3.12879705429
3.11983418465
3.11564993858
3.10906720161
3.10329198837
3.10010504723
3.13904118538
3.1194870472
3.12074708939
3.10692596436
3.12100696564
3.09936404228
3.13183999062
3.12957787514
3.1213350296
3.11699700356
3.12106180191
3.1061360836
3.12268710136
3.12969207764
3.11859512329
3.11649894714
3.12764215469
3.12164306641
3.1321439743
3.14085388184
3.09922289848
3.10633993149
3.1229929924
3.11871504784
3.11577606201
3.144135952
3.10788393021
3.11878991127
3.13864898682
3.11963391304
3.1459031105
3.14755797386
3.1178278923
3.11860108376
3.12461519241
3.12317299843
3.12763500214
3.13633298874
3.1179318428
3.10907101631
3.12383389473
3.10631299019
3.13629698753
3.1500620842
3.11160206795
3.12041687965
3.12001609802
3.12106394768
3.14800596237
3.12482714653
3.12520003319
3.12275886536
3.1209089756
3.1218059063
3.14642000198
3.12145996094
3.11931800842
3.11773610115
3.12291312218
3.10637402534
3.14410400391
3.12192392349
3.12444090843
3.1246509552
3.12174916267
3.09918999672
3.14137411118
3.12082695961
3.12276697159
3.12695193291
3.1162610054
3.13077402115
3.14732313156
3.12214803696
3.13562107086
3.12080597878
3.12490391731
3.11196804047
3.15165114403
3.12167215347
3.11947798729
3.1410779953
3.12829494476
3.12095594406
3.16080284119
3.14586091042
3.12258505821
3.12503504753
3.12594103813
3.11857795715
3.13930606842
3.12868285179
3.1215159893
3.1421751976
3.1352918148
3.1244828701
3.16679811478
3.12384200096
3.12161588669
3.14031004906
3.11780905724
3.12765407562
3.16401696205
3.1403169632
3.12162804604
3.14807915688
3.11668586731
3.14063286781
3.15884017944
3.12993693352
3.12273097038
3.14596009254
3.11488199234
3.13754987717
3.14470386505
3.12307906151
3.12235188484
3.14025998116
3.12087416649
3.12266302109
3.15465712547
3.11877584457
3.11479997635
3.13043308258
3.12396407127
3.12543582916
3.14404797554
3.11947798729
3.12081503868
3.12315607071
3.10421800613
3.12102508545
3.13990283012
3.12390804291
3.12541699409
3.12084698677
3.11364412308
3.10910201073
3.14196801186
3.10714292526
3.09584498405
3.12090086937
3.10422110558
3.09920215607
3.13333106041
3.09762215614
3.09945201874
3.12406396866
3.10043406487
3.0982439518
3.12084889412
3.1023709774
3.08547711372
3.09769701958
3.09740900993
3.10510993004
3.10662698746
3.10709619522
3.09630584717
3.09929299355
3.10226392746
3.09645295143
3.08382797241
3.11566901207
3.07608509064
3.09903407097
3.11012887955
3.10087013245
3.09529304504
3.12407803535
3.10364603996
3.10067009926
3.12257504463
3.09952116013
3.10537099838
3.11685085297
3.10954403877
3.0953400135
3.10116291046
3.10524702072
3.10101509094
3.11967992783
3.11753988266
3.10119390488
3.10210490227
3.10110402107
3.10007190704
3.12433505058
3.12104797363
3.10239601135
3.11471486092
3.11750292778
3.10143709183
3.10213518143
3.15295910835
3.1151869297
3.11778092384
3.13121819496
3.12164902687
3.10604906082
3.13603997231
3.10746788979
3.10564279556
3.12320184708
3.12092995644
3.11889600754
3.14530587196
3.1030819416
3.09980797768
3.12047791481
3.1171901226
3.10800099373
3.14359688759
3.10586094856
3.11991977692
3.13145518303
3.12671279907
3.12466907501
3.13848090172
3.1202788353
3.10368800163
3.12450909615
3.12425112724
3.11773300171
3.14242696762
3.11852097511
3.12348604202
3.12291097641
3.12104392052
3.12676501274
3.14474391937
3.10085296631
3.09819102287
3.11982798576
3.12136888504
3.121997118
3.13059687614
3.1001739502
3.1080160141
3.10580706596
3.10122895241
3.09814190865
3.11973810196
3.10721206665
3.101583004
3.11123681068
3.09936404228
3.07658982277
3.10009407997
3.08109092712
3.0562441349
3.05034017563
3.06004905701
3.0606470108
3.04566216469
3.0550968647
3.04296112061
3.03590297699
3.03385710716
3.03503012657
3.03317689896
3.02094006538
3.03531098366
3.03394794464
3.01257991791
3.01804494858
3.03682899475
3.01649308205
3.00888991356
3.01313209534
3.02123713493
2.99050998688
3.01147198677
3.02107405663
3.01539301872
2.99927616119
2.98712301254
3.01237797737
3.0123500824
2.99862098694
2.97074317932
2.9897480011
2.97240900993
2.97501778603
2.96928882599
2.99037694931
2.99473404884
2.97362208366
2.96850299835
2.98968982697
2.96042919159
2.97796106339
2.94742393494
2.96421480179
2.98217892647
2.94998216629
2.95446610451
2.94821095467
2.95090293884
2.94924592972
2.93465995789
2.94606304169
2.95090007782
2.95965504646
2.9292011261
2.92657995224
2.92938494682
2.95166707039
2.93336892128
2.92621803284
2.92802810669
2.93614411354
2.95028877258
2.92272210121
2.92470788956
2.93605709076
2.948127985
2.92663121223
2.93237805367
2.92924380302
2.92768907547
2.94138789177
2.91246509552
2.92265796661
2.89875793457
2.92163419724
2.90557312965
2.91785979271
2.90535998344
2.90368103981
2.92738294601
2.92445898056
2.9058508873
2.90396499634
2.90901899338
2.92485404015
2.90588593483
2.90494894981
2.9029109478
2.9156730175
2.9479970932
2.9050219059
2.90762686729
2.89191603661
2.92661595345
2.9108300209
2.91355490685
2.90785098076
2.92067599297
2.91314411163
2.93083310127
2.91861414909
2.90497016907
2.89275097847
2.93056201935
2.91034412384
2.92635202408
2.90872812271
2.9050180912
2.92358016968
2.92492508888
2.90481996536
2.90571284294
2.90488696098
2.92738819122
2.90779399872
2.93474006653
2.9037899971
2.92139601707
2.92925405502
2.92350792885
2.92736005783
2.89908099174
2.91269397736
2.9288649559
2.9222741127
2.9265859127
2.90462303162
2.91567897797
2.94914102554
2.92674398422
2.91168904305
2.90879201889
2.92651796341
2.93570280075
2.92957997322
2.90867590904
2.9243118763
2.92465996742
2.93081903458
2.9284889698
2.90375494957
2.90830397606
2.92818689346
2.92259812355
2.92842411995
2.89354920387
2.92637395859
2.92813491821
2.92692303658
2.92810297012
2.90585398674
2.92263007164
2.92529892921
2.93152308464
2.91135692596
2.92735314369
2.92675995827
2.95264697075
2.92830014229
2.92629885674
2.90496110916
2.9508600235
2.92646098137
2.94308400154
2.92739486694
2.92724108696
2.95076990128
2.92883586884
2.9264421463
2.90685486794
2.9239718914
2.92529201508
2.92625904083
2.90968990326
2.90686798096
2.92355799675
2.94864106178
2.92610192299
2.91346311569
2.90565514565
2.92626714706
2.91569304466
2.92571783066
2.90549182892
2.90587902069
2.93094587326
2.92903900146
2.92597699165
2.90472507477
2.91895103455
2.92893910408
2.92640686035
2.92345404625
2.92927408218
2.9098880291
2.94612121582
2.92345404625
2.91321897507
2.90689396858
2.9449300766
2.93668103218
2.93308496475
2.90794301033
2.92232394218
2.93314599991
2.92704796791
2.91535711288
2.90709805489
2.90495586395
2.92836904526
2.93241405487
2.92748785019
2.92916989326
2.910602808
2.95269703865
2.9228849411
2.91877007484
2.89411711693
2.92439103127
2.92504310608
2.92638492584
2.9124288559
2.92689990997
2.94678497314
2.92595911026
2.9312210083
2.92137885094
2.92635703087
2.93536901474
2.93803596497
2.92844676971
2.92219996452
2.93258500099
2.95075798035
2.92411804199
2.92740917206
2.91731595993
2.94851517677
2.92736005783
2.92631697655
2.91152977943
2.9128010273
2.94686198235
2.92333102226
2.90780210495
2.90817809105
2.92611193657
2.93379807472
2.93063998222
2.9096570015
2.92436099052
2.92691087723
2.92685008049
2.90870404243
2.90447402
2.91060304642
2.93295288086
2.91276192665
2.9275329113
2.90890693665
2.92252516747
2.9454331398
2.92541790009
2.92719388008
2.89517402649
2.92855882645
2.9265191555
2.93124103546
2.90784502029
2.92537903786
2.92479991913
2.93112206459
2.90698695183
2.92341208458
2.90327191353
2.93119621277
2.90676808357
2.92633104324
2.90301585197
2.90946292877
2.93514513969
2.92744421959
2.90637207031
2.8903298378
2.91090893745
2.92930102348
2.90419602394
2.91049003601
2.90385103226
2.90393686295
2.93021917343
2.91051697731
2.90421414375
2.88635706902
2.9126291275
2.90738487244
2.90840291977
2.90576004982
2.90486812592
2.89136505127
2.92770195007
2.90681600571
2.91559696198
2.8854060173
2.9037630558
2.90385389328
2.90808081627
2.90790104866
2.90446305275
2.90566301346
2.90982604027
2.92466020584
2.90588092804
2.90562796593
2.88791394234
2.92622303963
2.90395402908
2.91745901108
2.90486812592
2.90986800194
2.90616393089
2.93005418777
2.90657901764
2.91153788567
2.88245511055
2.9155318737
2.89204311371
2.90729188919
2.90291309357
2.90962815285
2.90584492683
2.92243719101
2.90557408333
2.90425992012
2.890873909
2.92667102814
2.90692186356
2.90749788284
2.90639615059
2.90030407906
2.88344812393
2.92234992981
2.90574789047
2.90056490898
2.87809514999
2.90882110596
2.90975022316
2.90506100655
2.91385793686
2.90390586853
2.8893020153
2.92711901665
2.91320586205
2.90456104279
2.90559315681
2.90943098068
2.92417812347
2.90218400955
2.90224814415
2.90189886093
2.89131402969
2.93029904366
2.90461492538
2.9238409996
2.89528608322
2.89253902435
2.92111992836
2.90419602394
2.90698409081
2.89575099945
2.88403511047
2.90071105957
2.93061113358
2.89051818848
2.90779781342
2.88585305214
2.9084239006
2.91077899933
2.90510487556
2.9081890583
2.90970993042
2.89508104324
2.9236998558
2.91143202782
2.90939998627
2.9033241272
2.88343095779
2.91516804695
2.90651082993
2.90596818924
2.90597391129
2.8863799572
2.90142893791
2.92828392982
2.90600013733
2.89131903648
2.88732004166
2.90553808212
2.90492606163
2.90481686592
2.88836097717
2.90592503548
2.88413286209
2.92232990265
2.92650294304
2.91104006767
2.90548706055
2.88324999809
2.90806508064
2.90572595596
2.91230893135
2.90978002548
2.90399694443
2.90388607979
2.93149590492
2.91093802452
2.90482616425
2.90399098396
2.88326716423
2.90989613533
2.90571594238
2.90343904495
2.90682411194
2.88651895523
2.90536904335
2.92139792442
2.90717220306
2.9054338932
2.88344693184
2.90563488007
2.88997983932
2.91248512268
2.90414309502
2.91644501686
2.8921790123
2.92922616005
2.92396998405
2.90932106972
2.89151000977
2.88521814346
2.90102720261
2.88450098038
2.88989806175
2.88393497467
2.88611507416
2.88225698471
2.92405390739
2.90453600883
2.90031290054
2.88798093796
2.88320589066
2.89990901947
2.90188694
2.89806485176
2.90799617767
2.88438105583
2.9089410305
2.91296315193
2.9029109478
2.90484809875
2.89318203926
2.88626909256
2.90480613708
2.88433098793
2.88503694534
2.88040995598
2.87876296043
2.90443086624
2.90794014931
2.88896799088
2.89985203743
2.88639998436
2.90505599976
2.91116404533
2.9072561264
2.90111303329
2.89217996597
2.89603304863
2.90101408958
2.90852093697
2.89006590843
2.88573694229
2.88322997093
2.88725996017
2.89194989204
2.90098309517
2.88338303566
2.89523792267
2.89486098289
2.90595293045
2.92706799507
2.9070019722
2.88673996925
2.88177084923
2.90708899498
2.88544201851
2.88924598694
2.88515305519
2.88314199448
2.8832449913
2.90693306923
2.90192484856
2.91694712639
2.89505386353
2.88622689247
2.89910697937
2.8859398365
2.90670418739
2.88213086128
2.90505719185
2.88611292839
2.90526580811
2.9046459198
2.88401603699
2.88821005821
2.87372994423
2.90581989288
2.87954902649
2.88939499855
2.88353800774
2.88543200493
2.88269281387
2.8929669857
2.91781997681
2.885379076
2.89042782784
2.87259912491
2.88377690315
2.88395309448
2.88309311867
2.88918995857
2.88212490082
2.88128995895
2.88773393631
2.91351509094
2.88319396973
2.88387989998
2.8853559494
2.88532805443
2.88418292999
2.90528082848
2.89652204514
2.89688205719
2.90146994591
2.88762283325
2.90950608253
2.89211416245
2.88201403618
2.88245296478
2.88961005211
2.89525103569
2.88311815262
2.89299988747
2.88850617409
2.88403105736
2.88500189781
2.93033885956
2.9124789238
2.90578699112
2.88144207001
2.8903491497
2.89588117599
2.88453102112
2.88234686852
2.89006710052
2.89222383499
2.8852159977
2.91472506523
2.90474486351
2.887403965
2.88442802429
2.88778209686
2.90582489967
2.88042616844
2.88377308846
2.88258385658
2.88770318031
2.88230895996
2.88479709625
2.9146668911
2.88626003265
2.88228416443
2.88035082817
2.88347196579
2.88658499718
2.88471603394
2.89725589752
2.88528084755
2.88347911835
2.88190603256
2.90779280663
2.88847208023
2.88188385963
2.88029813766
2.89511299133
2.88438391685
2.90483689308
2.88148188591
2.88741207123
2.88840413094
2.88436293602
2.92640781403
2.90905594826
2.88641905785
2.88005709648
2.8831679821
2.89611887932
2.88394713402
2.88244986534
2.89141583443
2.88574123383
2.89337491989
2.92162799835
2.88334989548
2.88951587677
2.88213896751
2.89943695068
2.89029192924
2.88624095917
2.88167119026
2.90280103683
2.88692188263
2.88930988312
2.92250204086
2.90072798729
2.88454198837
2.88127994537
2.88443207741
2.90711688995
2.90698409081
2.88128113747
2.90387296677
2.90504097939
2.89022612572
2.92954611778
2.90559220314
2.90783286095
2.88305306435
2.88337683678
2.90581202507
2.88984417915
2.88442993164
2.90589213371
2.88363599777
2.89143800735
2.90589213371
2.90257406235
2.90583395958
2.88955688477
2.89373803139
2.90527510643
2.89802908897
2.87457799911
2.89816308022
2.88373208046
2.88919997215
2.90833616257
2.9123249054
2.90477991104
2.89216208458
2.88526821136
2.90742516518
2.88047409058
2.88443398476
2.88445997238
2.88447189331
2.900837183
2.89110898972
2.92530608177
2.90650415421
2.90228891373
2.88817119598
2.90476202965
2.90464901924
2.90965199471
2.88842391968
2.90417718887
2.90376901627
2.88832092285
2.92923998833
2.89178299904
2.90510988235
2.88287711143
2.88269495964
2.9045920372
2.9049808979
2.88379693031
2.91383385658
2.9030148983
2.899933815
2.92748093605
2.91355395317
2.90591192245
2.88570618629
2.88774085045
2.88868498802
2.9043970108
2.88285899162
2.90408706665
2.89232993126
2.88413500786
2.91190195084
2.90757083893
2.91086292267
2.90263700485
2.88542103767
2.91272211075
2.91113805771
2.88342905045
2.90566110611
2.88449692726
2.88580703735
2.90292906761
2.90673089027
2.89338111877
2.88482904434
2.90223813057
2.91149806976
2.89415812492
2.89794588089
2.90602707863
2.89408898354
2.89398598671
2.92719912529
2.91565513611
2.90799307823
2.88632106781
2.8822119236
2.91251182556
2.8847091198
2.9001660347
2.90545988083
2.88422703743
2.8917119503
2.92340493202
2.91933488846
2.90767502785
2.89041900635
2.90302586555
2.90292096138
2.90667200089
2.89100694656
2.9038169384
2.9047870636
2.89211797714
2.90868282318
2.90462398529
2.91695785522
2.88659596443
2.88746500015
2.90623497963
2.89514493942
2.88923287392
2.89502382278
2.88361811638
2.88811802864
2.90804600716
2.90791201591
2.88496208191
2.88881206512
2.88493895531
2.90586805344
2.88349890709
2.88658189774
2.90684485435
2.90397691727
2.90448999405
2.90780377388
2.92807507515
2.90573406219
2.90565991402
2.88746905327
2.90949392319
2.90295314789
2.88828492165
2.9087138176
2.89612603188
2.88142991066
2.90804600716
2.91084599495
2.90509295464
2.90599584579
2.89027118683
2.9057199955
2.90419197083
2.90464305878
2.91377782822
2.89258003235
2.90579891205
2.90377998352
2.91341400146
2.89439702034
2.90400314331
2.88119316101
2.89281606674
2.9038169384
2.90389800072
2.9028339386
2.91236877441
2.90483403206
2.90689301491
2.92312502861
2.91235399246
2.89230203629
2.90639901161
2.89015603065
2.88857698441
2.90960097313
2.89873504639
2.90602302551
2.88757991791
2.90396094322
2.92498588562
2.90771198273
2.90699100494
2.90169405937
2.90562200546
2.89444994926
2.88614106178
2.90596699715
2.90316414833
2.88810610771
2.88827610016
2.90654802322
2.91404604912
2.90782308578
2.89214992523
2.88395285606
2.91469693184
2.90283894539
2.89407801628
2.88602495193
2.89619803429
2.88531398773
2.90536904335
2.90606403351
2.88941597939
2.89292788506
2.88343811035
2.88439702988
2.88566303253
2.880423069
2.88497495651
2.88190484047
2.88490986824
2.90990805626
2.91918206215
2.89620900154
2.88550806046
2.88254904747
2.90295100212
2.88511896133
2.89001607895
2.88818216324
2.88227915764
2.88413310051
2.89104604721
2.90393900871
2.88420200348
2.87918305397
2.88533711433
2.8843960762
2.88459300995
2.88890790939
2.88719797134
2.88414907455
2.88125419617
2.88927793503
2.9053299427
2.90618801117
2.89166498184
2.89174485207
2.8875079155
2.90688490868
2.88622713089
2.89382195473
2.88085412979
2.87898302078
2.87250185013
2.89782094955
2.90467405319
2.88417696953
2.88651299477
2.88583111763
2.90191411972
2.87790894508
2.88436412811
2.89095401764
2.88337111473
2.89491581917
2.88270306587
2.88283491135
2.88289999962
2.87168693542
2.86397480965
2.86386489868
2.86370491982
2.87773704529
2.87383389473
2.88144302368
2.88237380981
2.88554596901
2.90948605537
2.88249397278
2.8834540844
2.88286995888
2.88254785538
2.90303587914
2.89448595047
2.8715839386
2.8880879879
2.87954092026
2.88558912277
2.8863530159
2.90262699127
2.88474202156
2.88598585129
2.88080000877
2.88201904297
2.88312411308
2.87442803383
2.88627719879
2.8847720623
2.88054513931
2.87701582909
2.90975785255
2.88541316986
2.8892519474
2.86380505562
2.88397502899
2.88161110878
2.88823103905
2.88655805588
2.88405489922
2.88369607925
2.88516712189
2.90661883354
2.88614702225
2.88540792465
2.88087010384
2.86480808258
2.88439512253
2.88175320625
2.887830019
2.88608312607
2.88456821442
2.89160895348
2.88735985756
2.90649580956
2.88436603546
2.86759305
2.86719202995
2.8629720211
2.87706017494
2.87253379822
2.86268901825
2.88444495201
2.88305187225
2.87391591072
2.88618993759
2.88259720802
2.88392496109
2.86419987679
2.87067008018
2.88357305527
2.88369393349
2.89018416405
2.88714003563
2.88463878632
2.88595604897
2.86553311348
2.90043592453
2.88495993614
2.86967492104
2.8684899807
2.88397884369
2.87951421738
2.88896417618
2.88640189171
2.88439416885
2.88271713257
2.86588811874
2.89321303368
2.90508794785
2.88822388649
2.86251592636
2.86506295204
2.87772488594
2.87229084969
2.87449502945
2.87954211235
2.88383507729
2.88786911964
2.86656188965
2.90564489365
2.88353013992
2.89174389839
2.86272907257
2.86272478104
2.89301395416
2.8872590065
2.8668680191
2.88452196121
2.8863298893
2.86976695061
2.88365983963
2.88480901718
2.88525986671
2.88239693642
2.87861990929
2.88227391243
2.88581299782
2.88806080818
2.88457083702
2.88160014153
2.88155889511
2.85946011543
2.87969613075
2.86977100372
2.87569904327
2.87213301659
2.86187291145
2.88617992401
2.86488604546
2.86300086975
2.88441300392
2.86683392525
2.86121201515
2.87579107285
2.88047099113
2.86324214935
2.88536095619
2.88050603867
2.86960697174
2.88932514191
2.86743783951
2.86139512062
2.86719107628
2.85998010635
2.86271810532
2.88428711891
2.88933801651
2.88526892662
2.88029313087
2.86335492134
2.86487102509
2.86696004868
2.86290097237
2.8652100563
2.87027096748
2.87466001511
2.86428284645
2.89110994339
2.89545202255
2.87735891342
2.87914586067
2.86380696297
2.86985611916
2.88145685196
2.88326215744
2.88362193108
2.86644792557
2.88041687012
2.86200499535
2.89052081108
2.88627004623
2.88063502312
2.88194084167
2.86407399178
2.88526892662
2.86533093452
2.87481689453
2.88438415527
2.8783659935
2.86176395416
2.87095308304
2.88264489174
2.88140201569
2.88131690025
2.86362481117
2.86398506165
2.88411188126
2.88854193687
2.88118886948
2.87138414383
2.88381004333
2.86567211151
2.88422703743
2.88747215271
2.88437795639
2.86882805824
2.86537480354
2.88208293915
2.8843319416
2.86587285995
2.88929796219
2.86216688156
2.8827149868
2.87053990364
2.88628101349
2.88207602501
2.88826012611
2.86767816544
2.86459803581
2.88238382339
2.87004613876
2.86288785934
2.87915015221
2.88228011131
2.86690211296
2.88726902008
2.88447999954
2.88459181786
2.88896012306
2.87056112289
2.88363099098
2.89443492889
2.88848590851
2.86612319946
2.88162302971
2.87516307831
2.86490702629
2.88430595398
2.90045499802
2.88736391068
2.87472009659
2.88256287575
2.88651800156
2.88467907906
2.88526797295
2.88345503807
2.86206007004
2.86477303505
2.88476991653
2.88397598267
2.88270020485
2.86394500732
2.87082695961
2.86173081398
2.86480093002
2.86682081223
2.88435506821
2.88322997093
2.86985707283
2.88714599609
2.86294388771
2.88335800171
2.89340496063
2.88625907898
2.8824160099
2.86955404282
2.89231300354
2.88432312012
2.88355612755
2.88484716415
2.87536811829
2.88142704964
2.88023805618
2.89501905441
2.88531303406
2.88438105583
2.88148808479
2.86722302437
2.86669802666
2.88046193123
2.88023400307
2.87278008461
2.8842189312
2.88367295265
2.88743114471
2.88890790939
2.90522003174
2.88365411758
2.88329982758
2.88480496407
2.88430690765
2.88430714607
2.88312101364
2.86795496941
2.88431882858
2.86314988136
2.86989307404
2.88234305382
2.88057613373
2.88465380669
2.88609004021
2.87468194962
2.85896706581
2.88724780083
2.8766450882
2.86701202393
2.88138103485
2.86582899094
2.86541318893
2.8833091259
2.88574910164
2.89542603493
2.88550400734
2.8846218586
2.85975193977
2.88416600227
2.88532996178
2.88443112373
2.88418698311
2.8891851902
2.88557386398
2.88446903229
2.88848996162
2.88633489609
2.88832592964
2.88210010529
2.86795687675
2.88438606262
2.88113594055
2.8859000206
2.86949300766
2.89087295532
2.88441514969
2.8838031292
2.88343286514
2.88345599174
2.88426494598
2.88908100128
2.88440108299
2.86496400833
2.8794169426
2.88518714905
2.88707995415
2.88331913948
2.88584685326
2.87377595901
2.88647603989
2.88343405724
2.88195705414
2.87319397926
2.88727211952
2.8824570179
2.88424897194
2.88673496246
2.88350605965
2.8840110302
2.89688587189
2.89409995079
2.88457107544
2.9058599472
2.88862800598
2.8834540844
2.88592505455
2.86182713509
2.88537502289
2.87165999413
2.88107800484
2.88591599464
2.88604402542
2.88650798798
2.88352394104
2.90468716621
2.88665509224
2.88862299919
2.88202881813
2.89236402512
2.88689303398
2.88632702827
2.88423705101
2.88629984856
2.888920784
2.89201307297
2.88245892525
2.88826704025
2.88703417778
2.88247990608
2.88658499718
2.87075519562
2.88729000092
2.88277411461
2.88538908958
2.88637804985
2.89142298698
2.94789910316
2.87999200821
2.89010095596
2.88506507874
2.90444493294
2.89029812813
2.88618803024
2.89081811905
2.88249611855
2.87261414528
2.8747279644
2.88332700729
2.88450694084
2.88542103767
2.88573479652
2.88220000267
2.8834400177
2.88262796402
2.86969184875
2.88230919838
2.88812804222
2.86403083801
2.89428210258
2.87857508659
2.8863530159
2.86998200417
2.91067790985
2.88357901573
2.88904905319
2.88770890236
2.85837221146
2.88443589211
2.86775612831
2.86358809471
2.8841791153
2.8640358448
2.86562013626
2.88430404663
2.88355016708
2.88638186455
2.88820910454
2.86650300026
2.88307499886
2.8750629425
2.88725805283
2.88136696815
2.88334703445
2.88650107384
2.87278604507
2.88355112076
2.8834810257
2.88335800171
2.88531899452
2.86232709885
2.86235594749
2.86844491959
2.88584899902
2.87764501572
2.8736679554
2.8609521389
2.88778185844
2.86274194717
2.88625216484
2.88751196861
2.87890291214
2.89716601372
2.86643815041
2.88520789146
2.88043403625
2.88181114197
2.875893116
2.87067198753
2.88248610497
2.89103007317
2.88612389565
2.88267302513
2.87922787666
2.87250113487
2.86201000214
2.85989999771
2.86304306984
2.87361907959
2.87376499176
2.8823120594
2.88632106781
2.88423609734
2.88420200348
2.88331508636
2.88478589058
2.88633108139
2.86984181404
2.86277604103
2.88832807541
2.86531281471
2.86471700668
2.86280298233
2.8707408905
2.86492490768
2.88413000107
2.88426995277
2.88541197777
2.88219189644
2.86188602448
2.86448597908
2.88612604141
2.8707139492
2.86382603645
2.88824105263
2.88858389854
2.86690688133
2.88362002373
2.88652300835
2.88631796837
2.86292886734
2.86188197136
2.86475896835
2.87295985222
2.88416481018
2.86189103127
2.87797904015
2.86199307442
2.8609149456
2.86875700951
2.86826920509
2.88893795013
2.86278891563
2.86871290207
2.86090612411
2.87951993942
2.86297297478
2.85411405563
2.87977600098
2.86087989807
2.87948393822
2.86977505684
2.88254308701
2.88351297379
2.86288094521
2.86255788803
2.86524009705
2.86155986786
2.86294293404
2.86468410492
2.86237692833
2.86204385757
2.86776709557
2.87476086617
2.86294412613
2.88045406342
2.86654400826
2.8668820858
2.86206197739
2.86445999146
2.86871004105
2.85999202728
2.86192512512
2.87271308899
2.8637611866
2.87217092514
2.86010408401
2.88971614838
2.86408901215
2.86302399635
2.86163496971
2.84950399399
2.86575293541
2.85889601707
2.8626999855
2.86674904823
2.87025403976
2.86474704742
2.87120699883
2.86252808571
2.87961101532
2.86150503159
2.86843490601
2.86903095245
2.86097192764
2.8597240448
2.86562895775
2.87054109573
2.86277699471
2.86107492447
2.86912107468
2.86502814293
2.88255906105
2.87017607689
2.89408516884
2.86317205429
2.85995292664
2.86133599281
2.866065979
2.88411211967
2.86297798157
2.89190602303
2.86485409737
2.86127996445
2.86197113991
2.86480498314
2.86103606224
2.84395217896
2.86681818962
2.86378979683
2.87248897552
2.86190605164
2.84920716286
2.86717200279
2.86262607574
2.86322617531
2.86677384377
2.87372708321
2.85981011391
2.86522603035
2.84549307823
2.86524820328
2.86057090759
2.87158894539
2.86488509178
2.89642310143
2.86506509781
2.8662750721
2.88734602928
2.86314797401
2.86500906944
2.86740589142
2.84737992287
2.85957694054
2.85747408867
2.87095117569
2.8649251461
2.86386084557
2.86486101151
2.86255383492
2.85995101929
2.87940120697
2.87964081764
2.86062979698
2.85885000229
2.84879493713
2.86850810051
2.86395001411
2.86282706261
2.86267805099
2.8686850071
2.86257100105
2.85835409164
2.86867308617
2.86716604233
2.8651599884
2.86003804207
2.852394104
2.86669182777
2.85561990738
2.86189413071
2.84994697571
2.87412905693
2.86206293106
2.86053013802
2.8690071106
2.86359596252
2.86247801781
2.86679387093
2.8454220295
2.85997796059
2.84910202026
2.85292005539
2.87283587456
2.86182498932
2.88224005699
2.86431407928
2.86399888992
2.86196208
2.8632979393
2.85973215103
2.85532879829
2.84222102165
2.86627411842
2.84976696968
2.85933589935
2.86259388924
2.86665201187
2.85989308357
2.86351203918
2.88231301308
2.8627371788
2.87161302567
2.86083102226
2.84248709679
2.85142087936
2.86189508438
2.85972213745
2.85818719864
2.85656785965
2.86017298698
2.83862400055
2.86172103882
2.87305688858
2.86000490189
2.86135697365
2.8452641964
2.84151005745
2.86293506622
2.87169504166
2.86468696594
2.84549808502
2.86263895035
2.86479091644
2.84459900856
2.86195898056
2.85809493065
2.84619903564
2.84744501114
2.84144282341
2.85827302933
2.84497594833
2.83852601051
2.86101508141
2.85120296478
2.8670270443
2.85771989822
2.86199688911
2.86877202988
2.86910414696
2.86173200607
2.8375878334
2.84801101685
2.86476397514
2.85292005539
2.86983680725
2.86650395393
2.87148189545
2.86366605759
2.84144997597
2.86609601974
2.8628950119
2.83848690987
2.84350419044
2.84122991562
2.84222507477
2.83847308159
2.84087181091
2.84521412849
2.83869194984
2.86397695541
2.84460806847
2.83753299713
2.84337592125
2.84760403633
2.84368491173
2.85788989067
2.8384540081
2.82753396034
2.84515690804
2.84177994728
2.85422897339
2.84719800949
2.86681294441
2.86516094208
2.84714889526
2.86577916145
2.86027908325
2.85784697533
2.86559295654
2.84483098984
2.83555293083
2.84140205383
2.84214091301
2.84722495079
2.8410141468
2.86896014214
2.84573912621
2.83748602867
2.85988998413
2.8558318615
2.84119200706
2.84137201309
2.8400759697
2.84150290489
2.8596739769
2.84070205688
2.85135102272
2.84231114388
2.86096000671
2.85996985435
2.84142899513
2.86701512337
2.86101102829
2.84060502052
2.84839487076
2.8445019722
2.83812999725
2.84934997559
2.84561014175
2.86197090149
2.84025907516
2.87127518654
2.86564397812
2.85802102089
2.84235596657
2.87274909019
2.8410320282
2.86283802986
2.8432071209
2.84333705902
2.8424551487
2.83991599083
2.84447193146
2.83944487572
2.83677506447
2.86192989349
2.84674096107
2.84090805054
2.85813903809
2.84320497513
2.84048199654
2.83938121796
2.84003996849
2.8390879631
2.8482208252
2.84126806259
2.84157299995
2.84336805344
2.86864709854
2.83921790123
2.8402838707
2.84396100044
2.86682105064
2.84114098549
2.8443980217
2.8405020237
2.84039711952
2.86159920692
2.84558105469
2.8492538929
2.84137892723
2.86208319664
2.84538698196
2.84996819496
2.84120512009
2.86495995522
2.84755206108
2.85972595215
2.8410589695
2.84727215767
2.83902382851
2.86062002182
2.83834409714
2.84994292259
2.85133600235
2.85738301277
2.84683704376
2.84582400322
2.86712098122
2.84103679657
2.84426212311
2.84318685532
2.84157896042
2.85779595375
2.83408904076
2.84379696846
2.84165096283
2.8487739563
2.8707280159
2.84180498123
2.83867096901
2.86015200615
2.8632850647
2.84150099754
2.83990502357
2.84955692291
2.84153199196
2.84375309944
2.83681893349
2.8493719101
2.84333300591
2.86281609535
2.87170696259
2.851375103
2.83911705017
2.86287307739
2.84834694862
2.84644603729
2.8375749588
2.84088301659
2.83878898621
2.83353185654
2.84167194366
2.84536600113
2.84444093704
2.86290383339
2.84305500984
2.83357405663
2.84986782074
2.85966300964
2.84130811691
2.83936405182
2.82758498192
2.83448696136
2.84522104263
2.8404340744
2.84180808067
2.83737206459
2.84033489227
2.86386203766
2.84152388573
2.83905696869
2.86356496811
2.85047316551
2.84127807617
2.86233592033
2.84116005898
2.84219288826
2.84132003784
2.84347891808
2.85312819481
2.84130096436
2.86137104034
2.84511995316
2.84445309639
2.84044194221
2.86316394806
2.83909010887
2.86046409607
2.84161090851
2.82966804504
2.84337902069
2.83936905861
2.84200191498
2.84658503532
2.84408307076
2.85906386375
2.85652303696
2.83058595657
2.84329509735
2.86361408234
2.84440588951
2.84346008301
2.8429710865
2.83949017525
2.8470761776
2.83719301224
2.84116196632
2.84131813049
2.84460306168
2.8611330986
2.84174609184
2.83921122551
2.84119606018
2.84412693977
2.84052014351
2.84095597267
2.84418106079
2.8410859108
2.84048008919
2.84113287926
2.83943796158
2.85907721519
2.85034108162
2.87257099152
2.86388492584
2.83577013016
2.8387928009
2.8515689373
2.83773803711
2.83747696877
2.84419393539
2.82780599594
2.84110188484
2.84306097031
2.84109401703
2.83966994286
2.84200191498
2.86576509476
2.84889793396
2.84165596962
2.84017300606
2.86829185486
2.84817814827
2.84041595459
2.84089899063
2.8275680542
2.84520316124
2.84059000015
2.84263896942
2.84537911415
2.84146308899
2.84102582932
2.86462187767
2.84828710556
2.83739495277
2.85975193977
2.86364006996
2.84073591232
2.86167788506
2.84204483032
2.82737898827
2.85798001289
2.83807206154
2.84440302849
2.85956597328
2.83928108215
2.86199903488
2.86485695839
2.84057998657
2.84025192261
2.86460804939
2.86914396286
2.85025405884
2.86269807816
2.84233999252
2.8466489315
2.86061906815
2.85801291466
2.84269213676
2.8507540226
2.84052419662
2.88148808479
2.85288786888
2.84120202065
2.83678412437
2.86195397377
2.86198997498
2.86040592194
2.86281609535
2.84221196175
2.86704683304
2.86230802536
2.84032797813
2.86280083656
2.86396002769
2.86371803284
2.88624596596
2.84217810631
2.84428501129
2.8621468544
2.86457395554
2.8428170681
2.86001801491
2.84148216248
2.84329009056
2.86687898636
2.8625228405
2.84350991249
2.84522604942
2.84256792068
2.86279010773
2.86478590965
2.84255290031
2.84062600136
2.86299705505
2.84731483459
2.85167908669
2.84048509598
2.83919405937
2.84565281868
2.8649160862
2.84184122086
2.84918498993
2.85217905045
2.8629720211
2.85914802551
2.87072706223
2.84057402611
2.8406701088
2.85987186432
2.84582495689
2.8493309021
2.8559679985
2.84816384315
2.84836411476
2.84413599968
2.84065699577
2.84446287155
2.86486291885
2.8599319458
2.86062312126
2.86767411232
2.8405919075
2.84227204323
2.8599998951
2.86303281784
2.84728693962
2.86281204224
2.84556102753
2.84948301315
2.84210395813
2.86200094223
2.84377098083
2.86483621597
2.85744285583
2.85992598534
2.85156083107
2.84143805504
2.84170794487
2.8664419651
2.84516000748
2.87173891068
2.84122395515
2.84018611908
2.87022614479
2.84140491486
2.8416030407
2.84110379219
2.85080599785
2.8609290123
2.89100885391
2.84220600128
2.84367084503
2.84024095535
2.87423801422
2.85214400291
2.86286592484
2.841121912
2.84035110474
2.86673998833
2.8411860466
2.83917593956
2.84558320045
2.86285090446
2.86186814308
2.86696505547
2.84044218063
2.85248112679
2.86207294464
2.86584997177
2.84441900253
2.85913991928
2.8600461483
2.84814286232
2.86144280434
2.83949899673
2.83505988121
2.8559319973
2.86449718475
2.85980296135
2.86583709717
2.84682798386
2.83915185928
2.85779881477
2.86374402046
2.84423899651
2.86146211624
2.85895299911
2.83329391479
2.83665513992
2.83287405968
2.81866312027
2.84484696388
2.8321788311
2.85261511803
2.84335589409
2.83270096779
2.82992982864
2.8384950161
2.84928321838
2.819024086
2.82981085777
2.82610201836
2.83377194405
2.83113193512
2.83441615105
2.83650302887
2.83274817467
2.83165717125
2.83723783493
2.85984110832
2.83717894554
2.83432579041
2.84139108658
2.83249187469
2.83329415321
2.83260083199
2.82095503807
2.81874608994
2.83612108231
2.83744382858
2.81969404221
2.83129310608
2.80976605415
2.84574699402
2.83505702019
2.81301403046
2.8306491375
2.82222795486
2.81302285194
2.83037114143
2.81792807579
2.8157351017
2.83173012733
2.81188893318
2.81814193726
2.83411312103
2.83239889145
2.81775593758
2.84327316284
2.83052921295
2.80959391594
2.83732891083
4.12909412384
4.02764296532
2.82427787781
2.83054494858
2.82847499847
2.83670020103
2.8382101059
2.8310790062
2.80888605118
2.82071590424
2.84505391121
2.8311560154
2.83531808853
2.83741879463
2.83554077148
2.85090899467
2.83886599541
2.83903598785
2.83569383621
2.8520720005
2.85378289223
2.84532594681
2.83328700066
2.81404185295
2.84409093857
2.85407090187
2.81952309608
2.86024594307
2.83329415321
2.83313679695
2.8345720768
2.84140706062
2.83339214325
2.83562302589
2.85695385933
2.83888101578
2.85496211052
2.85239911079
2.8194360733
2.83401679993
2.8551299572
2.8382730484
2.86570310593
2.84420800209
2.85335183144
2.8422961235
2.83373498917
2.85495996475
2.85189890862
2.85644698143
2.86274719238
2.85406684875
2.83604693413
2.84062409401
2.84302806854
2.87465286255
2.84119296074
2.86213088036
2.85708284378
2.85214400291
2.8560860157
2.83917808533
2.85903096199
2.86445593834
2.85220694542
2.85908389091
2.85218286514
2.85886907578
2.83979296684
2.8320338726
2.87382793427
2.86066389084
2.86448407173
2.87439584732
2.85908985138
2.85746479034
2.85996985435
2.85349798203
2.86164593697
2.86366415024
2.87459182739
2.87305498123
2.87910604477
2.85706496239
2.83974885941

