2.89268183708
3.10834693909
3.02198600769
2.88485002518
2.96981596947
3.03208994865
3.01155996323
3.01255512238
3.03286194801
2.94976902008
3.08295202255
3.12271809578
3.05503606796
3.27203583717
3.0846221447
3.0681180954
3.0346531868
3.03675580025
3.03471899033
3.05889391899
3.07565689087
2.98771095276
3.04202699661
3.01421117783
2.99029803276
3.07791519165
3.06512594223
3.08621120453
3.14434790611
3.11601209641
3.09623885155
3.0580830574
3.04085898399
2.99092411995
3.03509402275
3.03872704506
2.97519016266
3.04267501831
3.02713108063
3.04931306839
3.03111815453
3.08167314529
3.31705594063
3.48184299469
3.28469419479
3.09665393829
2.95217204094
2.90407586098
2.92761206627
2.90688204765
2.99600887299
3.04730916023
3.03124904633
3.02053284645
3.07876491547
3.0999751091
3.16186594963
3.26004981995
3.03636097908
2.97892093658
3.03401398659
2.96603798866
2.93196415901
2.90780901909
2.8837120533
2.90291309357
3.06075406075
3.07690691948
3.09561085701
3.0490398407
3.08042407036
3.16505002975
3.10709810257
3.20570611954
3.11807203293
3.02243494987
2.95278787613
2.94809389114
2.92684483528
2.93175005913
2.93624711037
2.9691400528
3.07323098183
3.09755587578
3.14455413818
3.11259889603
3.07946705818
3.07474899292
3.10569882393
3.03874611855
2.97086381912
3.02738904953
3.01533102989
3.01614999771
3.04471588135
3.00886201859
3.03495001793
2.95459699631
3.03675198555
3.05221796036
3.10423088074
3.05742001534
3.06264400482
3.1636698246
3.12125587463
3.07944512367
3.02535700798
3.03236103058
3.05112409592
3.00158405304
2.96940517426
3.02486014366
2.96543312073
2.95590496063
2.97437882423
3.02200198174
3.06052207947
3.12001419067
3.07918190956
3.14130711555
3.03193902969
3.09924292564
3.08623313904
3.05179190636
2.99392008781
3.05630993843
3.02928304672
2.99435114861
2.95125412941
2.90502882004
2.99154305458
3.0386929512
3.01744389534
3.0755739212
3.03427910805
3.07880115509
3.14617490768
3.04099297523
3.07950305939
3.01720094681
3.05596208572
3.03891682625
2.9683380127
3.03195405006
3.01824593544
2.94925498962
2.94276618958
2.96925497055
3.07842111588
3.06208610535
3.05717897415
3.16575288773
3.12331390381
3.07788920403
3.05852913857
3.03252315521
3.0547850132
3.00888800621
2.93900609016
2.94605994225
2.99288010597
2.93568015099
2.91245913506
2.96904397011
3.01091694832
3.03753900528
3.03647303581
3.12129807472
3.09541201591
3.06135201454
3.1003818512
3.05671906471
3.07836890221
3.025192976
2.95042800903
2.9273660183
2.99050712585
2.92495894432
2.95323395729
2.97434401512
3.03363513947
3.01286697388
2.99985599518
3.10057806969
3.12104701996
3.05678701401
3.06029105186
3.01726293564
2.99188303947
2.92835903168
2.91339802742
2.93094801903
2.90561699867
2.90547513962
2.94795012474
3.01010894775
2.99119615555
3.07583189011
3.10345101357
3.11961603165
3.03742909431
3.07389783859
3.03355503082
2.95743918419
2.90651202202
2.92423987389
2.926197052
2.91019105911
2.92934989929
2.97026491165
2.96931886673
3.03652000427
3.12140083313
3.07674407959
3.05609917641
3.01459717751
3.10431814194
2.97596406937
2.95055484772
2.92847490311
2.90773701668
2.92947602272
2.90478420258
2.89547204971
2.95188498497
2.99177503586
3.03210711479
3.06217598915
3.10186600685
3.07899403572
3.05119395256
3.03408503532
2.97971105576
2.92923307419
3.16364717484
3.74646401405
3.62286806107
2.93643498421
2.80157804489
3.01430010796
2.97076177597
2.92950320244
3.08075809479
3.01905798912
3.14248991013
3.21135306358
3.07963514328
3.10803985596
3.05522584915
3.01323604584
3.03760004044
3.01324701309
2.94924592972
2.92752099037
3.03403687477
3.0144701004
2.99924182892
2.97225904465
3.03964185715
2.99258899689
3.17238807678
2.97058701515
3.03544902802
3.03377580643
3.03903317451
3.05531215668
3.07488894463
3.12566804886
3.07876706123
3.05899906158
3.09897994995
3.07409191132
3.06044006348
3.01430106163
3.02892303467
3.01330208778
3.04454612732
3.0321559906
2.99086999893
3.03486800194
3.01514387131
3.02114701271
3.12442803383
3.03497290611
3.01411795616
3.09810209274
3.07893300056
3.1132068634
3.01137208939
3.03937387466
3.05649995804
3.03533792496
3.0562210083
3.05327892303
3.01568078995
3.01684212685
3.12009906769
3.10233187675
3.10316205025
3.10989689827
3.07753419876
3.12069201469
3.06491017342
3.12094688416
3.04372787476
3.01337099075
3.03278493881
3.06786298752
3.01551580429
3.01226687431
3.04199099541
3.05956697464
3.05845689774
3.00672411919
3.03177285194
3.08368206024
3.0817489624
3.07669997215
3.07357192039
3.05930519104
2.99732995033
3.05922412872
3.05605506897
3.01325392723
3.01713013649
3.03752708435
3.05489993095
3.09912395477
3.06010317802
3.05447387695
3.1236410141
3.1210899353
3.04430222511
3.10073184967
3.05831599236
3.03359413147
3.07721590996
3.12356185913
3.05431509018
3.04454302788
3.05303692818
3.08034491539
3.03306794167
3.06413912773
3.1197681427
3.05561113358
3.05821800232
3.12751793861
3.01418495178
3.05549383163
3.0385799408
3.08260607719
3.14996695518
3.05677103996
3.03441905975
3.08361101151
3.03540492058
3.09958696365
3.11882901192
3.02016711235
3.07360887527
3.03764200211
3.00935101509
3.01918101311
3.01620721817
3.03481602669
3.11546111107
3.11609506607
3.05655908585
3.05619001389
3.07737898827
3.02899909019
3.08163189888
3.07971596718
3.0135140419
3.07422399521
3.04016399384
3.01497006416
3.03642296791
2.99180698395
3.0324010849
3.0837328434
3.15206503868
3.07768893242
3.09918403625
3.08558702469
3.06199193001
3.09824895859
3.00881505013
3.036413908
3.02311205864
3.0540201664
2.99176001549
3.01394701004
2.9931678772
2.99179291725
3.06611800194
3.09831809998
3.12182593346
3.07903504372
3.08702802658
3.16271615028
3.0642850399
3.10457181931
3.05743002892
3.05072808266
3.03373003006
3.04269003868
3.02061104774
2.97053003311
2.99050998688
3.0377869606
3.0816180706
3.08241391182
3.05661678314
3.09795999527
3.14355492592
3.06122517586
3.12117195129
3.05537605286
3.07591700554
3.05770516396
3.01695609093
3.03386187553
3.00318002701
2.98993492126
3.0776951313
3.07559990883
3.10127401352
3.10602116585
3.0789911747
3.15127301216
3.09679603577
3.14209508896
3.05759477615
3.08446121216
3.01008605957
3.03367304802
3.01815199852
3.03652000427
2.9917178154
2.98917794228
3.12322688103
3.07670307159
3.05404281616
3.09730911255
3.06249213219
3.14916706085
3.09328889847
3.11842179298
3.01230096817
3.06532907486
3.05163788795
3.01474285126
3.01416897774
3.03680801392
3.03477191925
2.99193716049
3.04882407188
3.04274487495
3.11011099815
3.07656598091
3.14248919487
3.11608815193
3.037951231
3.09914183617
3.016040802
3.07482099533
3.01706194878
3.01314592361
3.03479290009
3.03274917603
3.01415514946
2.97709608078
3.07261896133
3.09674811363
3.1209359169
3.12665891647
3.14332294464
3.06410384178
3.11308002472
3.05375003815
3.08236479759
2.99185204506
2.9874920845
3.03523492813
2.99870705605
2.95824503899
2.92240786552
2.98791384697
3.0871322155
3.04459786415
3.08042311668
3.07919502258
3.08502006531
3.12352919579
3.10332512856
3.12274193764
3.01429915428
3.02022099495
3.03401303291
2.99157500267
3.01035904884
2.97305083275
2.93636512756
2.97037100792
3.05547595024
3.03453087807
3.07679414749
3.08082890511
3.07539701462
3.12372303009
3.07419395447
3.11985111237
3.03321695328
3.02803993225
3.06103587151
3.01917099953
3.03602695465
2.94932699203
2.95430707932
3.01430606842
3.00128293037
3.07772803307
3.05855107307
3.08654713631
3.10298895836
3.07769799232
3.11958408356
3.03938102722
3.03585219383
3.02307891846
3.03475809097
3.03671598434
2.97304010391
2.97663998604
3.05328202248
3.01651120186
3.01908993721
3.01498603821
3.03477716446
3.09840703011
3.10150885582
3.06891298294
3.11871290207
3.02778792381
3.03485703468
2.99156880379
3.00371408463
3.03505396843
2.94990801811
2.90559792519
2.92681312561
2.96944403648
3.03612995148
3.01728510857
3.05440998077
3.16331100464
3.05662298203
3.14719796181
3.10263514519
3.04013895988
3.05141997337
2.99483108521
2.95058989525
2.97701978683
2.94279193878
2.88534092903
2.9136800766
2.84532904625
2.94792413712
2.89134287834
2.93475008011
3.03723096848
2.97048521042
2.9547419548
2.99267506599
3.01411390305
2.97000718117
2.99168896675
3.16559314728
3.07992696762
3.03468394279
3.14118099213
3.16948795319
3.03611183167
3.19207286835
3.05640697479
3.03348994255
2.99775505066
2.94619679451
2.94897890091
3.0812869072
3.11977696419
3.07747983932
3.18071389198
3.07158994675
3.01538896561
3.1080520153
3.16675496101
3.05508899689
3.10694384575
3.0123398304
3.01416707039
2.97026395798
2.96670818329
2.92524313927
3.03292298317
3.1213889122
3.03270578384
3.1258161068
3.0349252224
3.03916978836
3.11693501472
3.12949609756
3.05423784256
3.03752303123
3.03543400764
3.03357481956
3.03973507881
3.03625106812
2.99173593521
3.07248806953
3.03388905525
3.12577676773
3.03457593918
3.07257699966
3.08174705505
3.2101111412
3.07664299011
3.05648088455
3.05486488342
3.03578090668
3.04153895378
3.00963902473
3.03083896637
3.03470206261
3.03557896614
3.14913392067
3.07448005676
3.05251502991
3.07902002335
3.12652111053
3.07642602921
3.05323004723
3.03950810432
3.02378201485
3.01720881462
3.01512503624
3.01626205444
2.98006987572
3.0356259346
3.09516811371
3.09712791443
3.10086417198
3.03183698654
3.09672999382
3.07956719398
3.14809179306
3.07587194443
3.05785679817
3.07771706581
3.03450322151
3.00157999992
3.01530504227
3.02963995934
3.02937698364
3.0857770443
3.10261893272
3.05804800987
3.07614803314
3.08077692986
3.07980298996
3.06227588654
3.01372098923
3.05700206757
3.05632710457
3.03828477859
3.05011105537
3.03278613091
3.11110806465
3.03482890129
3.09773898125
3.07607412338
3.05761098862
3.03802108765
3.05624485016
3.0739030838
3.00935101509
3.01335120201
3.04258704185
3.09349298477
3.01268196106
3.02323079109
3.07956194878
3.06284999847
3.09761691093
3.07782387733
3.08053612709
3.14296603203
3.03492689133
3.05590605736
3.12342810631
3.02345919609
3.01525306702
3.05450892448
3.06100797653
3.03644180298
3.05608391762
3.03550601006
3.0559258461
3.07858204842
3.04476904869
3.05321717262
3.07778286934
3.05614495277
3.10663414001
3.12311887741
2.9914700985
3.05560493469
3.05906605721
3.07269692421
3.03526687622
3.03485012054
3.07965707779
3.04365897179
3.01657295227
3.03376698494
3.0381090641
3.03591489792
3.04257798195
3.09759783745
3.03114700317
3.04584813118
3.04142403603
3.05311703682
3.1382651329
3.0349149704
3.05813407898
3.07911014557
3.07874298096
3.05630898476
3.06241393089
3.12179517746
3.03368210793
3.12009620667
3.01551604271
3.0428211689
3.05929207802
3.07517290115
3.01251411438
3.06745386124
3.09698605537
3.05438804626
3.09827303886
3.03709411621
3.016477108
3.03676915169
3.07900214195
3.01554608345
2.99668812752
3.05708599091
3.07797598839
3.06424403191
3.10223507881
3.07967305183
3.07760000229
3.05584311485
3.08359408379
3.0361058712
3.10057401657
3.05629181862
3.06035995483
3.01666593552
3.07888007164
3.05116391182
3.09415984154
3.08167219162
3.07679605484
3.12134599686
3.05566906929
3.10123205185
3.03249192238
3.07656002045
3.07590699196
3.09989714622
2.9736199379
3.01921701431
3.01252508163
3.01229310036
2.97454810143
3.05934405327
3.16084814072
3.09908103943
3.14404082298
3.10690808296
3.03387093544
3.07754993439
3.05701303482
3.05739378929
3.04327821732
3.01306581497
2.99116802216
3.01942515373
3.10388803482
3.10553121567
3.09963512421
3.16392612457
3.07786917686
3.06299710274
3.05532598495
3.05532407761
2.99957084656
2.96838903427
3.01714396477
2.99266195297
3.01918077469
3.04222488403
3.14416098595
3.18523192406
3.20550704002
3.14408898354
3.08388996124
3.05742120743
3.03585290909
3.03784203529
2.99626493454
2.9721801281
2.96935510635
2.95910096169
2.97427296638
3.02495598793
3.03655195236
3.11838793755
3.1871240139
3.17096710205
3.16682982445
3.07780885696
3.1457259655
3.02269101143
2.93820691109
2.92630410194
2.93154096603
2.95145797729
2.93340015411
2.92935490608
3.00653004646
3.04094195366
3.06217193604
3.1409060955
3.04851388931
3.11084794998
3.04583621025
3.10802102089
2.94887304306
2.92716097832
2.91773605347
2.93202996254
2.94760203362
2.93150210381
2.9321680069
2.99076914787
3.0567510128
3.08850312233
3.12749099731
3.12150502205
3.05292606354
3.09621906281
3.01738286018
2.93515396118
2.92620897293
2.90493106842
2.9300839901
2.95203089714
2.92560911179
2.94773006439
2.99453115463
3.04066991806
3.07988595963
3.07779288292
3.08087515831
3.03667783737
3.05576896667
3.00655794144
2.93037796021
2.90769386292
2.91584897041
2.95001888275
2.97112202644
2.92813205719
2.92991185188
2.9925069809
3.05835080147
3.12285590172
3.08547902107
3.07213401794
3.05322790146
3.04086995125
2.9687230587
2.92539715767
2.92394399643
2.94889307022
2.96812701225
2.92547702789
2.9475171566
2.95354819298
3.02130794525
3.08029413223
3.0775949955
3.05789113045
3.07971596718
3.09416794777
3.0811290741
3.05542016029
3.10630917549
3.05822396278
3.14104700089
3.24734902382
3.04140496254
3.00195288658
3.03589606285
3.0767159462
3.07659721375
3.12385106087
3.06306290627
3.09672403336
3.14032912254
3.05821490288
3.083589077
3.10019302368
3.05561089516
3.16398191452
3.19092297554
3.07944512367
3.03669190407
3.07970786095
3.1014611721
3.05915188789
3.0641438961
3.07663989067
3.01262593269
3.10222291946
3.07889318466
3.01289796829
2.99073195457
3.03333997726
3.05822896957
3.18835902214
3.10154080391
3.14259815216
3.10127091408
3.10073781013
2.97041320801
2.98851418495
2.97102689743
2.99985098839
3.06348395348
3.07973313332
3.06309199333
3.0144071579
3.01478385925
3.055134058
3.20378494263
3.14381790161
3.16916704178
3.10081505775
3.12059092522
2.99418306351
2.99398899078
2.95055508614
2.97023081779
3.05968689919
3.06865000725
3.05617499352
3.05635309219
3.07386016846
3.16240501404
3.21554708481
3.0798869133
3.12190294266
3.10070705414
3.05765199661
2.9796090126
2.97030186653
2.94718194008
3.03679180145
3.06564879417
3.05592417717
3.03276014328
3.02123999596
3.05819606781
3.12349510193
3.20647907257
3.11778688431
3.14431405067
3.10813498497
3.00951719284
2.96936392784
3.03587698936
3.05882501602
3.05851221085
3.05340695381
3.02060985565
2.97217082977
2.97656989098
3.0113260746
3.12120079994
3.12871217728
3.12184596062
3.07594490051
3.09519314766
2.9743270874
2.99586796761
2.95185995102
2.96576714516
3.01906991005
3.07901096344
3.09802794456
3.01383590698
2.99082303047
3.00362801552
3.07758498192
3.22633719444
3.09890294075
3.13129091263
3.08560109138
2.99344491959
2.96942090988
2.9566321373
3.01593399048
3.06080508232
3.05459690094
3.13917779922
3.01623988152
3.00378894806
3.07750701904
3.20481204987
3.29263806343
3.01999306679
3.0993950367
3.03362202644
3.01353812218
2.97438788414
2.95871090889
2.96799087524
3.01260590553
2.99470305443
3.10817193985
3.01354598999
3.03370189667
3.08168196678
3.31839299202
3.11026906967
3.09758687019
3.07964515686
3.0593688488
2.93709516525
2.97441315651
2.92693209648
2.94954395294
2.92876815796
2.99372696877
3.07258701324
3.08790397644
3.06672906876
3.1029009819
3.14026808739
3.09812116623
3.11828589439
3.06414103508
3.10006284714
2.94883489609
2.97425198555
2.92955899239
2.94131398201
2.94896292686
2.93483090401
3.05417990685
3.06713199615
3.07803201675
3.04437208176
3.08355212212
3.12825512886
3.10123705864
3.07696604729
3.12152600288
2.99303007126
2.95033597946
2.96941995621
2.9091629982
2.93424701691
2.92673397064
2.99210906029
3.07474303246
3.07774615288
3.01679086685
3.07466292381
3.11880993843
3.08321094513
3.07761597633
3.12063503265
2.9476249218
2.98005700111
2.94913697243
2.90570402145
2.92638993263
2.90766882896
2.99079990387
3.06518507004
3.05627989769
3.01723194122
3.0358850956
3.09759998322
3.09723711014
3.07796812057
3.08192610741
3.0808198452
2.97040915489
2.96942901611
2.93250799179
2.92847585678
2.92736792564
2.92346096039
3.02230906487
3.07869100571
3.07370090485
3.01239180565
3.06507515907
3.03872895241
3.05710577965
3.09976005554
3.05579710007
2.95360302925
2.97374987602
2.94877099991
2.90495300293
2.91573286057
2.93129205704
2.94780707359
3.07540512085
3.09912610054
3.05809497833
3.09829878807
3.07753705978
3.05920696259
3.11679387093
3.05327606201
2.98803496361
2.95150089264
2.95272779465
2.91046714783
2.9273519516
2.93029594421
2.92891001701
3.01985692978
3.07375597954
3.0851688385
3.10196781158
3.08571696281
3.09816718102
3.03497409821
2.97330403328
2.97444319725
2.94903898239
2.92536401749
2.93921613693
2.92849802971
2.92759013176
2.95037603378
3.06505298615
3.08177995682
3.05591917038
3.0747461319
3.08086800575
3.0817630291
2.99780201912
2.94615411758
2.97049212456
2.9459540844
2.90896511078
2.88458704948
2.92717981339
2.93006181717
2.93342494965
2.99157691002
3.07663416862
3.10112690926
3.04062008858
3.0962870121
3.0969581604
2.99478912354
2.97315406799
2.9756269455
2.94829177856
2.91350579262
2.90983104706
2.90551495552
2.97036600113
2.93103408813
2.95537304878
3.03907704353
3.07666301727
3.04267001152
3.12279391289
3.10863494873
3.03477978706
2.99152684212
2.96369695663
2.95443105698
2.94856595993
2.90591597557
2.89738702774
2.93664121628
2.92649197578
2.94782400131
3.03623604774
3.05812811852
3.05714201927
3.0553290844
3.12616705894
3.05534291267
2.99983501434
2.97033286095
2.97528004646
2.95664000511
2.91216301918
2.90703606606
2.93352794647
2.90882587433
2.97261095047
3.05242180824
3.06409788132
3.03693795204
3.05665421486
3.07722496986
3.01246500015
2.96000289917
2.97210717201
2.94748902321
2.9263958931
2.89187502861
2.88431096077
2.90459299088
2.98004293442
2.94973087311
2.99842405319
3.05633878708
3.05715584755
3.01606893539
2.99235510826
2.97005486488
2.97059798241
2.97623991966
2.93661403656
2.92746710777
2.90805006027
2.90657806396
2.90847992897
2.94881391525
2.92833995819
2.99345993996
3.06785011292
3.02970409393
2.99210381508
2.9567668438
2.99382305145
2.97031283379
2.96922278404
2.9293179512
2.9061729908
2.88425207138
2.88233590126
2.88865399361
2.93121910095
2.9489159584
2.94382691383
3.06254482269
3.01819896698
3.05540990829
2.99062800407
3.01532006264
2.98119997978
2.97051405907
2.97152209282
2.95179104805
2.93982291222
2.93308091164
2.92750811577
2.91406989098
2.95480704308
2.92738389969
3.01188588142
3.020403862
3.01724600792
2.97678804398
2.991574049
2.99356293678
2.97334098816
2.97334909439
2.94703292847
2.91921305656
2.93878293037
2.92515897751
2.92907595634
2.93131899834
2.90944385529
2.95653700829
2.96906304359
2.9682469368
2.95723605156
2.95158314705
2.96863698959
2.95079421997
2.93132305145
2.90577816963
2.90513086319
2.89127898216
2.88900589943
2.905575037
2.94866800308
2.90635108948
2.95000100136
2.98809909821
2.97011494637
2.98002195358
2.95674180984
2.95259690285
2.96511006355
2.91752004623
2.9038310051
2.92850899696
2.90590715408
2.9137198925
2.92662286758
2.96009302139
2.92790913582
2.9971780777
2.99192404747
2.9807369709
2.97186493874
2.99201989174
2.95260500908
2.92731499672
2.92857599258
2.92645907402
2.90783786774
2.90948295593
2.90375804901
2.91461205482
2.95094394684
2.90560793877
2.94606208801
2.96709895134
2.94992804527
2.97254800797
2.99100208282
2.95251202583
2.95264816284
2.93098902702
2.9262650013
2.88537096977
2.91672801971
2.88288998604
2.90581393242
2.92933702469
2.91479301453
2.96224808693
2.97032308578
2.94974207878
3.01977992058
3.02993583679
2.92828583717
2.93452596664
2.92870187759
2.92747402191
2.92652416229
2.90378594398
2.93498015404
2.90489816666
2.90525507927
2.92853403091
2.94883298874
2.92282891273
2.96743702888
2.99153089523
2.99729394913
2.9270761013
2.92711281776
2.93710684776
2.93535614014
2.92739391327
2.90645098686
2.92903399467
2.8832950592
2.90549206734
2.92593502998
2.93244791031
2.91130805016
2.94790506363
2.94810605049
2.99360489845
2.90847396851
2.94906401634
2.94842982292
2.93141007423
2.91471195221
2.88399720192
2.90495085716
2.89006996155
2.91183209419
2.92928600311
2.94862484932
2.92931103706
2.95636701584
2.96986508369
2.96907520294
2.90889406204
2.95047187805
2.946215868
2.9257581234
2.9090051651
2.87373805046
2.92638802528
2.88831496239
2.91187500954
2.92928600311
2.9679620266
2.90774393082
2.95296192169
2.99406814575
2.99170804024
2.93133091927
2.93132305145
2.92913198471
2.92832612991
2.92738986015
2.89507985115
2.9072060585
2.90485310555
2.90974402428
2.93423509598
2.94830703735
2.90489912033
2.94954109192
3.00189900398
3.01695299149
2.94685292244
2.92941999435
2.95062804222
2.94027113914
2.92890906334
2.90729498863
2.90885901451
2.90516614914
2.90408015251
2.93236494064
2.92932295799
2.92848587036
2.96992397308
3.01529192924
2.99777793884
2.95282411575
2.92443609238
2.92820882797
2.92859792709
2.93532395363
2.9042840004
2.91087222099
2.90815591812
2.9055519104
2.92752695084
2.93009305
2.93929791451
2.97033905983
3.03374910355
2.9519841671
2.9371008873
2.93124485016
2.9274699688
2.92928981781
2.91979885101
2.92746686935
2.92345905304
2.93118000031
2.90772008896
2.94757390022
2.92709589005
2.97247719765
3.02170586586
2.99579596519
2.90605807304
2.93150401115
2.93224596977
2.92746210098
2.92688012123
2.90988993645
2.90778803825
2.92432999611
2.90615296364
2.9107260704
2.92933607101
2.92824697495
2.97231292725
3.03232097626
2.93023300171
2.92559885979
2.94882512093
2.9534239769
2.92489504814
2.93181300163
2.9247610569
2.91827917099
2.90546512604
2.90458011627
2.92624902725
2.90815997124
2.97090983391
3.0037381649
3.03370690346
2.90964388847
2.93152999878
2.92981600761
2.92839217186
3.64300489426
3.54946613312
3.70820188522
3.91721916199
3.61543607712
3.53070497513
3.75634717941
3.87293601036
3.5741250515
3.59728813171
3.73220491409
3.81612992287
3.57391285896
3.62277889252
3.8328371048
3.59930682182
3.52788186073
3.72024512291
3.85178399086
3.53253602982
3.64188313484
3.8966858387
3.55321598053
3.53788518906
3.72367286682
3.74671292305
3.57016181946
3.70024299622
3.91980481148
3.55590486526
3.59255003929
3.76795506477
3.70967793465
3.53225898743
3.70177388191
3.91077518463
3.59061098099
3.59325098991
3.83085608482
3.66638088226
3.53136992455
3.72483515739
3.93364286423
3.55095696449
3.60310101509
3.83335399628
3.63238310814
3.52913784981
3.72418999672
3.87623786926
3.5973482132
3.61670994759
3.85871696472
3.66003084183
3.5565700531
3.72275996208
3.93628096581
3.59242200851
3.59712600708
3.74769115448
3.8131108284
3.61651802063
3.65850687027
3.91477894783
3.59681606293
3.60246014595
3.74043798447
3.89322900772
3.60971808434
3.6137650013
3.87456893921
3.66391897202
3.61479115486
3.74581408501
3.95871901512
3.57203698158
3.6149699688
3.7653131485
3.85025691986
3.62388801575
3.68328595161
3.92271590233
3.64126586914
3.61483597755
3.74147200584
3.9616689682
3.61551308632
3.63505196571
3.82859992981
3.77705311775
3.6782848835
3.64066195488
3.87651491165
3.70004010201
3.65976786613
3.6815237999
3.95696210861
3.64037489891
3.5905380249
3.7388920784
3.96027493477
3.64736795425
3.63581705093
3.858066082
3.78782486916
3.66732096672
3.66082811356
3.92065691948
3.68760991096
3.57427597046
3.7668659687
3.98370099068
3.62339806557
3.60115504265
3.81021904945
3.8570151329
3.65740203857
3.61966109276
3.83162617683
3.79290390015
3.67987108231
3.6784799099
3.94131994247
3.69301509857
3.61592411995
3.78938508034
4.00250482559
3.62450289726
3.59439992905
3.83460903168
3.87674403191
3.65780806541
3.65736603737
3.89870476723
3.75649213791
3.68067002296
3.73182010651
3.98014307022
3.68135094643
3.64085006714
3.79869294167
4.02490997314
3.67936301231
3.61418414116
3.80815505981
3.98286485672
3.66397714615
3.62924289703
3.85660219193
3.87557196617
3.66050696373
3.6837849617
3.91674304008
3.7673997879
3.65158605576
3.74589014053
4.00053906441
3.68325996399
3.62587118149
3.81761193275
4.03287506104
3.65838503838
3.62453913689
3.83335804939
4.005671978
3.68218493462
3.63541913033
3.85084581375
3.91564583778
3.66182112694
3.68217396736
3.94090604782
3.78778815269
3.70532298088
3.70451903343
3.9889421463
3.73401284218
3.68156003952
3.76521706581
3.97881698608
3.67821478844
3.64266705513
3.83652210236
4.05235219002
3.66170883179
3.66062688828
3.88143491745
3.9411509037
3.68218398094
3.6824119091
3.87216687202
3.87231016159
3.67545104027
3.73173594475
4.00650310516
3.72697401047
3.66789412498
3.85583090782
4.0672121048
3.70171093941
3.64525103569
3.83118414879
4.06695914268
3.70267295837
3.63351392746
3.83246803284
4.06893491745
3.72657990456
3.66331410408
3.85333204269
4.03467011452
3.68493390083
3.66009879112
3.89668703079
3.91333889961
3.74740219116
3.69776988029
3.86630392075
3.93399000168
3.71049785614
3.70271706581
3.89323782921
3.85395693779
3.73047995567
3.72492218018
3.96140599251
3.87643289566
3.74873781204
3.72340011597
3.95686888695
3.88772106171
3.76243114471
3.7190849781
3.94107294083
3.88050198555
3.74597597122
3.70657515526
3.93033719063
3.90974402428
3.71737098694
3.68119502068
3.92123293877
3.8897690773
3.7623128891
3.72156000137
3.9820291996
3.83954000473
3.74325489998
3.77538204193
4.02475500107
3.79099106789
3.7896091938
3.77429509163
4.06684684753
3.74586701393
3.71031284332
3.87329983711
4.11015200615
3.70017313957
3.68414998055
3.87687397003
4.11148190498
3.70175409317
3.73031282425
3.87789607048
4.11356210709
3.70242810249
3.68432593346
3.87470197678
4.10901498795
3.72331094742
3.71741700172
3.86796188354
4.08576011658
3.72442507744
3.73419594765
3.85217690468
4.04737401009
3.70959997177
3.66309905052
3.85924506187
4.08941411972
3.74725484848
3.66180706024
3.87277412415
4.08563804626
3.69789004326
3.65747284889
3.85387015343
4.09339308739
3.70253491402
3.65752005577
3.87843108177
4.09659409523
3.70272493362
3.66351699829
3.87387418747
4.08970499039
3.7196290493
3.70205187798
3.88721394539
4.11644101143
3.70511198044
3.72737002373
3.88305187225
4.10887789726
3.72432994843
3.70262289047
3.85909485817
4.12471795082
3.728951931
3.70046591759
3.88018298149
4.11661505699
3.74438214302
3.6997191906
3.88565802574
4.13488888741
3.74279308319
3.77319002151
3.89540910721
4.11496186256
3.72692394257
3.78976607323
3.92248511314
4.13286805153
3.73212003708
3.72336912155
3.91933488846
4.13128209114
3.74279618263
3.72126197815
3.91941213608
4.14293479919
3.75179600716
3.74535799026
3.89814782143
4.13157606125
3.7494328022
3.74460601807
3.91953396797
4.1548538208
3.74477601051
3.83167600632
3.81661009789
4.13313007355
3.80538892746
3.82621192932
3.87147688866
4.13831400871
3.78978300095
3.85086488724
3.72997307777
4.02214193344
3.9215939045
3.83249306679
3.78675293922
4.02590608597
3.94718599319
3.8268558979
3.74515390396
3.91529893875
4.06508803368
3.80537390709
3.72284388542
3.92419314384
4.10993599892
3.80991792679
3.74510598183
3.94326996803
4.15289902687
3.74809288979
3.78564691544
3.91477203369
4.11325788498
3.74196887016
3.78885912895
3.91745495796
4.1370511055
3.74345707893
3.78392004967
3.94435811043
4.13406586647
3.74791502953
3.74288582802
3.94427204132
4.16058897972
3.75156116486
3.78787183762
3.91970300674
4.13250589371
3.77201199532
3.78905105591
3.94361996651
4.15480399132
3.7438480854
3.74380207062
3.9153649807
4.13244605064
3.78574109077
3.78557491302
3.94174790382
4.13855290413
3.75376391411
3.7452480793
3.9417591095
4.14661312103
3.76716184616
3.76220583916
3.9191198349
4.13911414146
3.76026797295
3.74270892143
3.93710613251
4.1723690033
3.78703403473
3.85420084
3.90283703804
4.13244986534
3.78814482689
3.85315895081
3.82881498337
4.09067606926
3.90291905403
3.86888599396
3.7731461525
3.98087787628
4.04737591743
3.83705282211
3.74389100075
3.93927598
4.08878684044
3.82678294182
3.74219512939
3.96233010292
4.17433595657
3.83148598671
3.72994208336
3.93988800049
4.17698597908
3.83720397949
3.937251091
3.82858991623
4.0309240818
3.98865389824
3.87229609489
3.81299209595
4.02297496796
4.02273607254
3.93380308151
3.74495697021
3.93880295753
4.17796111107
3.88018989563
3.83239793777
3.94380116463
4.15957188606
3.88139796257
3.98092699051
3.77567195892
4.00150513649
4.0520658493
3.89494800568
3.74862313271
3.9567129612
4.1811709404
3.89680695534
3.7429599762
3.97893595695
4.17496395111
3.85119104385
4.01338791847
3.81097102165
4.02808403969
4.04572296143
3.89487314224
3.76950216293
3.96037197113
4.11189603806
3.89438700676
3.73974609375
3.96254205704
4.20011401176
3.85413002968
3.96493697166
3.8555560112
4.07359600067
3.97964191437
3.95557618141
3.80519986153
3.95918488503
4.20807814598
3.88089394569
3.91713619232
3.86344909668
4.13198208809
3.91866397858
3.98678398132
3.7641620636
3.95443797112
4.14039301872
3.88058590889
3.76713299751
3.96050286293
4.19852018356
3.85829305649
3.97728395462
3.82958483696
4.06344890594
3.99679398537
3.9364938736
3.82686710358
3.98202204704
4.07086896896
3.89785408974
3.80897188187
3.98598694801
4.18150210381
3.85479521751
3.95777201653
3.79055118561
4.04558515549
4.04652500153
3.96680283546
3.81008601189
3.98697209358
4.21752405167
3.83113980293
3.89161109924
3.96078896523
4.19424295425
3.87559103966
3.95696687698
3.87390685081
4.11349701881
3.9861741066
3.94799494743
3.76236200333
3.96356606483
4.20341801643
3.89894795418
3.76246595383
4.00097703934
4.21952104568
3.92559909821
4.04678988457
3.83840203285
3.98187088966
4.21787190437
3.94674086571
3.98201298714
3.85523796082
4.13016414642
4.07229113579
3.91295218468
3.95773100853
3.91859483719
4.18079710007
4.33234286308
3.98091292381
3.91719412804
3.986109972
4.19965791702
3.89840507507
4.00840783119
3.83086419106
4.0484559536
4.0749900341
3.88046503067
3.83167600632
3.98711204529
4.21864795685
3.94014191628
3.99859714508
3.81172800064
3.98569512367
4.19922685623
3.87432599068
3.95577192307
3.91597700119
4.21196317673
3.93720889091
4.00124001503
3.82703304291
4.00938010216
4.17966508865
3.89447283745
4.02206587791
3.81641697884
4.04533004761
4.07741904259
3.87363100052
3.8190009594
3.97648906708
4.2180211544
3.87418889999
3.97725701332
3.8112039566
4.08955693245
4.05129313469
3.91722416878
3.78723621368
3.97998094559
4.21285104752
3.85112309456
3.93696403503
3.85289812088
4.08736300468
4.00239896774
3.96039295197
3.81183004379
4.00447201729
4.20069289207
3.89738607407
3.98310899734
3.81368303299
4.00219511986
4.22052001953
3.91783213615
4.00222802162
3.81222391129
4.07315683365
4.08867001534
3.94549202919
3.90869998932
3.95861983299
4.16859102249
3.91591191292
4.00247907639
3.82912397385
4.00427293777
4.22428297997
3.91473317146
3.9791560173
3.81984305382
4.04346394539
4.07334303856
3.95681595802
3.84024596214
3.96062994003
4.23866796494
3.88017582893
4.05102014542
3.81295609474
4.00360679626
4.23898100853
4.95753693581
3.95440292358
3.90888500214
3.98284602165
4.20859098434
3.91906809807
3.97043204308
3.83003687859
4.04609513283
4.08627796173
3.93575811386
3.9301071167
3.98380708694
4.20090508461
3.99145507812
4.02005410194
3.81702709198
4.00537490845
4.2199280262
3.90109586716
4.02503013611
3.8556599617
4.13734507561
4.07015013695
3.95860505104
3.76429605484
4.01592111588
4.21431088448
3.98682880402
4.00087499619
3.83539295197
4.08852314949
4.06340789795
4.02117085457
3.89225101471
4.00124597549
4.21584796906
3.91674494743
5.87935709953
3.99670696259
3.85056209564
4.06794095039
4.13483405113
3.99260306358
3.80472803116
4.02108216286
4.23879408836
3.87308907509
4.0445690155
3.83924221992
4.04974389076
4.13159513474
3.91686296463
3.78866291046
4.01338195801
4.21980714798
3.96975111961
4.00870704651
3.95615100861
4.21657705307
3.93776512146
3.9909889698
3.83678507805
4.02815008163
4.21860814095
3.96078395844
4.02687096596
3.88078403473
4.17713189125
3.97628808022
4.02389001846
3.82876706123
4.04338908195
4.25519800186
3.90277910233
3.98981499672
3.85795903206
4.02650499344
4.15467309952
3.91628599167
4.02520394325
3.9170320034
4.18316316605
4.02387213707
4.01141405106
3.82771086693
4.04837799072
4.25940990448
3.98208618164
4.04762601852
3.84761595726
4.05631804466
4.16947388649
3.96857595444
3.92153906822
4.0445599556
4.24346804619
3.91485619545
4.04764008522
3.84996390343
4.13123607635
4.09714698792
3.93774390221
3.8543009758
4.04370117188
4.28193211555
3.89794588089
4.02930498123
3.87493419647
4.05377697945
4.13331103325
3.92747306824
4.00472807884
3.95947504044
4.19843387604
4.00248789787
4.04205298424
3.82911586761
4.05119609833
4.22066903114
3.93036913872
4.0192899704
3.89526200294
4.13472294807
4.04445981979
3.9949669838
3.89321684837
4.06497979164
4.26013278961
3.89228582382
4.0444829464
3.85766911507
4.04648303986
4.23899006844
3.91888284683
4.04323101044
3.85426998138
4.0780339241
4.13917613029
3.92318201065
3.95727992058
4.02462005615
4.28005099297
3.97034597397
4.0256550312
3.89741492271
4.09560608864
4.27606296539
3.89484500885
3.97844386101
3.90521097183
4.17422294617
4.13848805428
3.93597221375
4.10523104668
3.91474413872
4.17305088043
4.06617689133
4.06113100052
3.85036706924
4.06731104851
4.28881001472
4.0310959816
4.04457497597
3.88441896439
4.08834695816
4.17748403549
3.96361207962
4.19427919388
3.89557385445
4.15414881706
4.13159489632
3.99983787537
4.02524995804
4.05354905128
4.27884984016
4.05674290657
4.26308703423
4.0740981102
4.02909111977
4.28339099884
4.00505304337
4.15687012672
3.98372602463
4.06716609001
4.28184008598
3.96362304688
4.18232393265
5.17047905922
3.9368391037
4.17924809456
4.0953438282
4.10910916328
4.26603293419
3.91649198532
4.17581295967
4.26043701172
4.00441884995
5.4359459877
4.06794595718
3.91875910759
4.13393688202
4.15974712372
4.13532996178
5.32970190048
4.4968059063
3.91651701927
4.1414809227
4.14125800133
4.04044604301
4.03340315819
4.05252099037
4.32073783875
4.62980413437
4.00355315208
4.22442412376
3.94134497643
4.1963160038
4.04874396324
4.13242697716
4.04142999649
4.09058785439
4.30426001549
3.96525502205
4.19217896461
3.89426493645
4.07743000984
4.28691697121
5.70243811607
4.10813617706
4.0718870163
4.04743504524
4.30735898018
4.04556393623
4.19393706322
4.0682990551
4.00232887268
4.26614713669
4.42178988457
3.96646213531
5.37053894997
4.09443497658
3.98307609558
4.26446914673
4.41070389748
4.09008312225
4.36772680283
3.98572301865
4.26218104362
4.13387799263
4.11294984818
4.14983081818
3.96296215057
4.21649193764
4.3052520752
4.07285785675
5.14515995979
3.93880414963
4.1123020649
4.32519698143
3.99082899094
4.9263780117
4.07384395599
4.06690001488
4.34926795959
4.0310781002
4.08649897575
5.31599998474
4.66658401489
3.95982789993
4.21559596062
4.06605696678
4.15233016014
4.04160308838
4.00217700005
4.30149102211
4.54348087311
4.08697509766
4.19910597801
4.00544500351
4.28370094299
4.04706311226
4.32961392403
4.07019305229
3.95872211456
4.26363492012
4.0827960968
4.06529402733
4.04363107681
4.06584405899
4.27997803688
4.04459881783
4.60590100288
4.56379389763
3.91570401192
4.15454912186
4.14003992081
4.0673160553
4.12911891937
4.08668398857
4.35008692741
4.64745402336
4.06961917877
5.33292794228
4.49820399284
3.91770005226
4.17623209953
4.15620398521
4.0736758709
4.04560494423
4.08953595161
4.33577203751
4.64772105217
4.85348415375
4.70951104164
3.9416680336
4.08867788315
4.31014418602
4.08974194527
4.77362990379
4.32807302475
3.98126101494
4.28808093071
4.06774497032
4.13438987732
5.27248501778
3.87865805626
4.11559200287
4.27979111671
5.29433083534
4.00178003311
5.39296603203
3.96751403809
4.07098293304
4.32491087914
4.07686400414
4.14240002632
5.10334014893
3.94123291969
4.12591314316
4.32312393188
4.00363302231
4.9790828228
4.05034399033
4.0460319519
4.30934596062
4.02408003807
4.176197052
4.02400994301
4.11334300041
4.31303501129
3.99214601517
4.52707505226
4.93697810173
3.95933389664
4.19602894783
4.13826704025
4.3082420826
4.15319085121
3.91987109184
4.16474509239
4.19792890549
4.06723093987
5.33217000961
4.4322040081
3.89719009399
4.13914418221
4.23127889633
4.09530591965
4.89700293541
4.19193506241
4.06794095039
4.29008603096
4.06782197952
4.15189695358
4.17344808578
4.00685405731
4.28185009956
3.99970817566
4.19304299355
3.9834830761
4.13160800934
4.32656598091
4.06208395958
5.17962598801
4.15198302269
4.06745505333
4.32800793648
4.0230281353
4.66795802116
4.17552804947
4.0626039505
4.32777094841
4.02963113785
4.23296689987
3.9789481163
4.13912892342
4.37293601036
4.06876301765
4.21360301971
3.96253609657
4.12091398239
4.25046992302
4.0698890686
5.05130910873
4.25941801071
3.98197579384
4.28182911873
4.08970999718
4.13279700279
4.00831985474
4.15525221825
4.37739109993
4.8413848877
4.1131799221
4.00331783295
4.11293888092
4.3667049408
4.35271596909
4.1108648777
4.31432294846
3.98803782463
4.24476504326
4.21846413612
4.91353201866
4.2595179081
4.00181984901
4.13348603249
4.32599210739
4.03106284142
4.15457201004
4.0945649147
4.3559589386
4.80627989769
4.10948610306
5.37624692917
4.3287229538
4.04457497597
4.26232409477
4.09167003632
4.15416312218
4.08761000633
4.11042618752
4.3735640049
4.68789196014
4.09522008896
5.29373311996
3.9618871212
4.13521409035
4.36875891685
4.13262701035
4.92638587952
4.28260588646
3.96619391441
4.21709704399
4.20358991623
4.13200092316
4.09632205963
4.11877799034
4.40258789062
4.75853204727
4.22622084618
5.58486890793
4.09329414368
4.11360096931
4.3639819622
4.14107108116
4.19843506813
4.90593791008
3.97895503044
4.15109992027
4.36470508575
4.30398392677
4.53718686104
4.46556591988
4.00857710838
4.26835513115
4.38550209999
4.87465190887
4.51843500137
4.73789596558
4.0230820179
4.18420886993
4.21902894974
4.15611505508
4.19253921509
3.98168802261
4.24171280861
4.35080289841
4.23989796638
4.43806910515
4.0287361145
4.24763417244
4.21264100075
4.26914310455
5.42167901993
4.7800090313
3.9626390934
4.17846918106
4.25852799416
4.1316421032
4.13239717484
4.07574820518
4.33478593826
4.56461691856
4.90594005585
4.83736181259
4.17121195793
4.11911511421
4.36484098434
4.0674328804
4.68795108795
4.58974289894
3.96641302109
4.21910405159
4.19657087326
4.2914249897
4.40793704987
3.96625208855
4.13256001472
4.31408905983
5.15279793739
4.10492110252
4.09170103073
4.1318860054
4.33634901047
4.07385110855
4.75645399094
4.1970000267
4.09551095963
4.2887160778
4.15627288818
4.22052121162
4.15314793587
4.08961391449
4.3173289299
4.57168602943
4.2845158577
5.1382689476
4.57026696205
3.98438000679
4.24085688591
4.19886684418
4.32758283615
4.51909089088
3.95988106728
4.15300393105
4.33227396011
5.7131998539
4.15644097328
5.45432806015
4.10770106316
4.11293506622
4.36486387253
4.13465309143
4.90467691422
4.28098106384
4.00933480263
4.22291088104
4.20273017883
4.15139007568
4.97931003571
3.93972301483
4.17630887032
4.36840415001
5.25688505173
4.09911298752
5.25858807564
4.03565502167
4.15251517296
4.34930491447
4.15600419044
4.51817798615
4.62634515762
4.00316309929
4.1969370842
4.22382616997
4.09755110741
4.13163900375
4.08356499672
4.3706009388
4.25466704369
4.28224897385
5.43192696571
4.64789485931
3.93784403801
4.13341403008
4.36523318291
5.31526112556
4.0895550251
5.33362197876
4.1722779274
4.12878489494
4.34430217743
4.15418291092
4.51433992386
4.45553207397
3.97811603546
4.25828814507
4.2646420002
4.11203289032
5.23597002029
4.13262915611
4.13256716728
4.35268115997
4.13244199753
4.17808794975
4.22345399857
4.12044000626
4.32317090034
4.54730987549
4.11486005783
5.31319403648
4.30126595497
4.06697010994
4.30350112915
4.09264588356
4.53957390785
4.5825381279
3.98294401169
4.2496368885
4.24021697044
4.15940999985
4.37567400932
4.02403903008
4.33013606071
4.47112107277
4.13833093643
4.31037306786
4.06499409676
4.30561089516
4.16146206856
4.26507902145
4.56210303307
4.03346991539
4.22109985352
4.23794317245
4.24194812775
4.42984294891
4.1358499527
4.17547988892
4.39359617233
4.02703905106
4.96430110931
4.45813179016
4.0212290287
4.28707408905
4.1817920208
4.39444589615
4.62869000435
3.95680594444
4.19901585579
4.35043311119
4.11390399933
4.86083912849
3.98716711998
4.17874097824
4.39022517204
5.55626893044
4.15403199196
5.33057498932
4.26034212112
4.06813192368
4.30348706245
4.06876111031
4.27818799019
5.01354289055
3.97328901291
4.18132996559
4.37644100189
4.23756289482
4.10660099983
4.02256011963
4.31227707863
4.21591305733
4.15144300461
5.538022995
4.05264401436
4.11062407494
4.35517406464
4.132376194
4.50209403038
4.47863292694
3.98899388313
4.24627494812
4.22247099876
4.33532714844
4.36369609833
3.98409819603
4.15602302551
4.31141805649
4.11006999016
5.39418315887
4.22015619278
3.95464301109
4.2359559536
4.2193338871
4.16192603111
4.16059684753
4.09140706062
4.28889393806
4.15965509415
4.14811182022
4.17544698715
4.12109303474
4.36794495583
4.06922078133
4.68517112732
4.48214507103
3.95998311043
4.24418282509
4.21652889252
4.17839813232
4.22175192833
4.00506997108
4.26142501831
4.35432720184
4.19720506668
5.50699996948
4.65372300148
4.00659704208
4.17529320717
4.36585903168
4.15801310539
4.52136301994
4.68676710129
4.02015089989
4.23696303368
4.2368619442
4.36601305008
4.21415686607
3.98063898087
4.25986599922
4.26714396477
4.78451299667
4.88225507736
5.16867899895
4.98232507706
3.98230814934
4.23994207382
4.21740889549
4.15520501137
4.28060102463
4.00529289246
4.21924114227
4.28762602806
4.22556209564
5.45474004745
4.02647209167
4.1761329174
4.36954212189
4.21076488495
4.52624297142
4.14907503128
4.15316390991
4.36636281013
4.1735060215
4.72338891029
4.34314107895
3.98351097107
4.24390411377
4.2464530468
4.245002985
4.40989303589
3.98860812187
4.17493104935
4.3024790287
4.20305895805
5.28815889359
4.13158011436
4.13725090027
4.30483198166
4.09052586555
4.24148797989
4.15496301651
4.12525701523
4.32616686821
4.51933479309
4.28352713585
4.23972916603
4.06739997864
4.34852099419
4.47352313995
5.47466897964
4.17610406876
5.49760913849
4.80462002754
4.00063419342
4.24012899399
4.30659794807
4.15737700462
4.26071500778
4.06794691086
4.31222987175
4.39428710938
4.77787089348
4.56031894684
5.36401104927
5.35904812813
4.01063489914
4.15881681442
4.34742689133
4.26685595512
4.28012490273
4.17944502831
4.17537999153
4.37654709816
4.22041106224
4.68317198753
4.68877792358
3.98243284225
4.21431207657
4.38796591759
4.54014015198
4.19840502739
4.00452613831
4.24074101448
4.34844708443
4.35067009926
5.24072980881
4.41180586815
4.09495806694
4.29068493843
4.19850707054
4.41658091545
4.54096913338
3.96874713898
4.19821286201
4.36877202988
5.40782785416
4.69338393211
4.88724112511
4.19221282005
4.13061499596
4.32293009758
4.17250108719
4.36572408676
4.60471510887
4.00317502022
4.16044998169
4.36813998222
5.50143384933
4.13797402382
5.27373600006
4.30738091469
4.11242890358
4.36868000031
4.12171220779
4.50025200844
4.60423588753
4.00379395485
4.17694807053
4.35378885269
4.34928607941
4.80162286758
4.21998095512
4.1950609684
4.4008231163
4.19518995285
4.55917692184
4.38721489906
4.02110481262
4.26039290428
4.28063702583
4.33324384689
4.86794090271
4.59419798851
4.0444149971
4.24072694778
4.22440505028
4.28275799751
4.47690010071
3.98119401932
4.17648386955
4.3852391243
5.5336060524
4.74376010895
4.84196305275
4.51624703407
4.02633094788
4.28897595406
4.32930898666
5.35869884491
4.23623800278
5.16564893723
4.22125387192
4.19545698166
4.37915921211
4.20444107056
4.47832012177
4.53510904312
5.21539902687
4.0700340271
4.30932712555
4.33209705353
4.22049403191
5.12183499336
5.23360586166
4.85493803024
4.04578995705
4.28439807892
4.37089896202
4.28287696838
4.59700298309
4.7210919857
4.06634902954
4.26211905479
4.29092288017
4.29319787025
5.27045178413
4.72186589241
4.03101015091
4.19959688187
4.41560411453
5.60706496239
4.2447988987
5.12663602829
4.1951508522
4.2242500782
4.38580107689
4.22009897232
4.50160908699
5.37956094742
4.88149595261
4.06826806068
4.30395793915
4.26917004585
4.19785404205
4.29048609734
4.09421992302
4.24087500572
4.28680109978
5.19117999077
4.19487595558
5.32421207428
4.85282802582
4.04672288895
4.26086306572
4.37451314926
4.43439912796
4.42750692368
4.06472492218
4.26217889786
4.4769949913
5.10331988335
5.29311084747
4.19215202332
5.60984420776
4.3915719986
4.06702399254
4.26170706749
4.32656097412
4.46383500099
5.02834701538
4.54257798195
4.09343099594
4.26102209091
4.30389094353
4.30388402939
4.55045223236
4.09211492538
4.25925993919
4.46084713936
5.22623205185
4.68792915344
4.80040502548
5.34728813171
4.88075494766
4.07344698906
4.26526498795
4.40010595322
4.30760598183
5.28557014465
4.52056217194
4.10879302025
4.28504395485
4.35711598396
4.46690416336
4.98898100853
5.34301185608
4.34730386734
4.13634490967
4.41158008575
4.48021697998
4.28950810432
4.52111387253
4.15774297714
4.30236911774
4.39244914055
4.34438586235
5.24572706223
5.10032081604
5.11089491844
4.10944700241
4.26799583435
4.52109217644
5.14244890213
4.61097598076
5.03132891655
4.56801080704
4.0867600441
4.32487201691
4.42185807228
4.23904299736
4.66793608665
4.06442093849
4.27110505104
4.503428936
5.29715800285
4.21728086472
5.255245924
5.36001706123
5.38360404968
5.05521702766
4.10924291611
4.26672506332
4.52080988884
5.27121496201
4.52147078514
4.82167816162
5.27998399734
4.89750790596
4.12427997589
4.28483700752
4.44572496414
4.344851017
4.49681377411
4.15279006958
4.30681300163
4.47599387169
4.17421507835
4.5482480526
5.38412094116
4.98602294922
4.13235712051
4.30900597572
4.40959405899
4.15391492844
5.57938194275
4.68476200104
4.45425915718
4.3048388958
4.5101878643
4.84807801247
4.36874890327
5.09674906731
4.56020689011
4.11686301231
4.3898870945
4.34733891487
4.39279699326
5.50504803658
4.66527414322
4.60733890533
4.28507685661
4.51969408989
4.86885404587
5.29991292953
4.30633401871
5.39471387863
4.50088906288
4.06503295898
4.27830886841
4.45671081543
5.44181394577
4.3937330246
5.09435391426
5.34031581879
4.83742189407
4.11460900307
4.32649207115
4.48546695709
5.34399700165
4.28078699112
4.84343481064
4.20357203484
4.30535316467
4.49711418152
4.18047213554
4.59146499634
5.38421916962
4.9751830101
5.29182195663
4.12947201729
4.35208582878
4.40861392021
4.36580300331
5.30405592918
5.0563249588
4.08967804909
4.36586999893
4.56130003929
5.39970207214
5.48556399345
4.52377414703
5.34370803833
5.51318383217
4.73729300499
4.11517190933
4.30828309059
4.54068517685
5.24961709976
4.66785287857
4.6949300766
5.16762208939
5.24060297012
4.14010810852
4.34658908844
4.46012187004
4.2605099678
5.01945304871
5.31422400475
4.30933213234
4.30536413193
4.45398402214
4.33904409409
4.33016204834
5.7635269165
4.82228899002
4.34963202477
4.30653619766
4.49796080589
4.8642179966
4.44205999374
4.95786905289
5.67895793915
4.73778605461
4.07000303268
4.24564909935
4.48109388351
4.3286459446
4.52078700066
4.60123610497
4.1141500473
4.35060405731
4.44090485573
4.21954512596
4.64945697784
4.0044670105
4.26010608673
4.52007913589
5.39032387733
4.28209209442
5.19296097755
4.58078980446
4.0764670372
4.35622096062
4.41244220734
5.54997897148
4.34758496284
4.82099699974
4.03132891655
4.28732609749
4.47814106941
5.37863993645
4.26097106934
5.17448401451
4.88429689407
5.36655187607
4.07151389122
4.32591199875
4.3729300499
4.39000201225
4.71781492233
4.64187312126
4.10871315002
4.28190612793
4.37033891678
4.21984291077
4.49603796005
4.02294802666
4.26087808609
4.50250291824
4.25199484825
4.80977582932
4.22037386894
4.09292197227
4.32628393173
4.36785101891
4.39322400093
4.84118103981
4.15990805626
4.26036000252
4.5270960331
4.20384311676
4.22307610512
4.88576388359
4.02473592758
4.28348779678
4.47396087646
5.51130390167
4.17303299904
5.12189102173
4.5678999424
4.00354814529
4.24195408821
4.49579596519
5.38218784332
4.11120390892
4.30632209778
5.30208206177
4.02181506157
4.30334210396
4.43314385414
5.45380616188
4.11368513107
4.29943799973
5.45361995697
4.02579593658
4.35056400299
4.38739800453
5.42434692383
4.11142492294
4.17363405228
4.00457596779
4.20556306839
4.48410797119
5.37839794159
4.13689303398
4.33031392097
4.10794901848
4.3463408947
4.34629511833
4.17503499985
4.30152082443
3.9988360405
4.2821199894
4.45236110687
5.54997181892
4.23983287811
5.23385715485
4.49565601349
4.02350783348
4.31053209305
4.52526307106
5.1843020916
4.17509508133
5.33669686317
4.51601290703
4.14028692245
4.30527591705
4.39344286919
4.15408706665
4.26689291
4.029296875
4.26968812943
4.50344705582
5.1421918869
4.13849806786
4.53517603874
4.07150483131
4.28799915314
4.44001102448
4.3710398674
4.78981184959
4.15879511833
4.28174781799
4.45477318764
4.25971412659
4.51727509499
5.31572294235
5.20146012306
4.98018908501
4.02392601967
4.34922409058
4.51814198494
5.22886610031
4.2220158577
5.27004909515
4.90581703186
5.38481402397
4.62481403351
4.17773294449
4.39111804962
4.32274603844
4.1637070179
4.17118787766
4.12822008133
4.34688210487
4.39885282516
4.5670170784
4.85052394867
4.59017205238
4.08676981926
4.3660428524
4.33580708504
4.17592906952
4.69117498398
4.00351405144
4.28284716606
4.45562386513
4.19793605804
4.2166390419
4.23750305176
4.21727108955
4.43540596962
4.5890250206
4.14699006081
5.09559893608
4.13640904427
4.15462994576
4.34848690033
4.38884401321
4.31052899361
5.06299495697
4.39221096039
4.0897269249
4.36979317665
4.28185009956
4.13239097595
4.62557005882
3.96266198158
4.31251001358
4.49092507362
4.22456693649
4.35508298874
5.08545613289
4.00314497948
4.31140208244
4.52270317078
5.5758960247
4.26052904129
5.22850489616
4.32844018936
4.14915299416
4.45357680321
4.34968900681
4.31409788132
4.32296991348
4.00732398033
4.28229212761
4.45181703568
4.47814297676
5.00814080238
4.51188611984
4.07014918327
4.32513785362
4.43403887749
4.36934113503
4.71855688095
4.00027799606
4.35075712204
4.51329302788
4.59082603455
4.51694703102
5.36184096336
4.58465504646
4.09339189529
4.34777998924
4.51409602165
4.25991511345
4.32101202011
4.71375989914
3.98724603653
4.31059813499
4.48630189896
5.0987701416
4.07281684875
5.33307886124
4.19406318665
4.15437912941
4.3734459877
4.40995192528
4.24291396141
4.24346113205
3.97874093056
4.24365496635
4.52082300186
5.0348610878
4.15944719315
5.28878688812
4.28867316246
4.15681886673
4.43111896515
4.24552607536
6.04745483398
4.10711193085
4.38926315308
4.06482005119
4.36410403252
4.37456607819
4.06432914734
4.17485499382
4.04475784302
4.38387799263
4.41057300568
4.15312194824
4.24482679367
4.02684617043
4.23128199577
4.46076893806
5.05537414551
4.11183190346
4.09099316597
4.19693779945
4.45979309082
4.32710599899
4.08603405952
4.19824910164
4.03098201752
4.36970090866
4.37017703056
4.07304501534
4.21442985535
4.00646996498
4.27393484116
4.54539394379
5.5335791111
4.11294817924
4.24223208427
4.00159096718
4.26634693146
4.53022003174
5.12723112106
4.15427994728
4.24168586731
4.06891679764
4.30307197571
4.45631408691
4.08335900307
4.17679214478
3.98132491112
4.26067686081
4.49371695518
4.12614989281
4.23590111732
3.97614383698
4.28767299652
4.54147410393
4.99282097816
4.15221214294
4.20113396645
4.00191307068
4.30728292465
4.4736468792
5.12261891365
4.09104204178
5.05934000015
3.96116995811
4.2592318058
4.51811099052
4.39709401131
4.11321997643
4.1541621685
4.17502784729
4.40325498581
4.36864590645
4.17479014397
4.22258782387
4.0079638958
4.23712611198
4.45185494423
5.66114091873
4.02346014977
4.66917705536
5.35590386391
3.96648716927
4.2574429512
4.54749703407
4.18076205254
4.73397302628
4.54322004318
4.02892589569
4.3945441246
4.34831500053
5.42368984222
4.11396789551
5.43608307838
4.17296600342
4.09621310234
4.41972589493
4.3809440136
4.13047099113
4.2369389534
4.04219985008
4.25810003281
4.47442793846
4.08677387238
4.16956496239
4.04352402687
4.32428312302
4.40887212753
4.10894799232
4.21209311485
3.99810695648
4.29937195778
4.53990483284
5.01238799095
4.04676699638
4.22428297997
3.97893500328
4.29456090927
4.41777300835
4.17840003967
4.19478702545
4.22405195236
4.28082585335
4.47114300728
4.11681509018
4.17453408241
3.96577310562
4.26346898079
4.54263901711
4.17544007301
4.13157510757
3.97965192795
4.24208283424
4.51543712616
5.0947971344
4.15326499939
4.20085787773
4.0668399334
4.31212902069
4.39951014519
4.05313396454
4.17257404327
4.04776406288
4.24048495293
4.47328996658
4.13632011414
4.19509506226
3.99039816856
4.30953502655
4.46305894852
4.95159292221
4.06699085236
4.3703558445
4.00240588188
4.26935696602
4.48600792885
5.61201500893
4.0877559185
4.19405913353
4.01827907562
4.25949883461
4.49483704567
5.48607397079
4.10994195938
4.22032499313
4.02247405052
4.28283619881
4.54523897171
4.17546892166
4.20351099968
4.90606594086
3.98493790627
4.32624793053
4.39647507668
4.0900990963
4.92670893669
3.98214888573
4.28271102905
4.52006793022
4.07008600235
4.10379195213
4.0005300045
4.25842690468
4.54019403458
5.0426428318
4.04659986496
4.26239895821
4.1158759594
4.41258692741
4.24256110191
4.15802502632
4.21918797493
4.1181139946
4.40108799934
4.33876109123
4.04370498657
4.34948205948
3.97885799408
4.22535395622
4.41323304176
5.46396613121
4.04820895195
4.19891190529
3.99312710762
4.30639505386
4.49761199951
4.14124798775
4.20694494247
5.37765693665
4.02831411362
4.27990603447
4.50409889221
4.09698987007
4.11713790894
4.17743492126
4.10805988312
4.41381001472
4.20226597786
4.13342809677
4.16842889786
4.12828993797
4.35060787201
4.26718091965
4.06784796715
4.13211107254
4.11132097244
4.35336899757
4.33482003212
4.04471492767
4.24055886269
4.06861996651
4.30218911171
4.34766101837
4.15294885635
4.17223501205
4.08458709717
4.28159213066
4.47001409531
4.04765200615
4.17556810379
4.00345492363
4.32584905624
4.40874409676
4.09060120583
4.21932005882
4.13409900665
4.39731907845
4.34929203987
4.11141896248
4.19051599503
4.11197304726
4.34687280655
4.33196806908
4.0572052002
4.13122582436
4.04551100731
4.37701106071
4.37610292435
4.08973002434
4.21596503258
4.00566196442
4.32903790474
4.45973300934
4.33465695381
4.21851682663
5.16446399689
4.04637598991
4.37458395958
4.3469581604
4.07226109505
4.11095309258
4.24739909172
4.54237699509
4.73398780823
4.10373187065
4.30063891411
4.1110458374
4.40902280807
4.34281992912
4.36591911316
5.08156514168
4.62861990929
4.05121207237
4.36396098137
4.36990880966
4.13924813271
4.20231294632
4.1335439682
4.39216303825
4.36429405212
4.20087504387
4.30544996262
5.06260585785
4.13038682938
4.39404296875
4.33037614822
4.30602312088
4.24342703819
4.06749200821
4.27185106277
4.45699810982
4.07123303413
4.2611758709
4.02422189713
4.32482600212
4.46025395393
4.04725289345
4.2613260746
4.02713084221
4.32383418083
4.51512503624
4.2047419548
4.24243402481
4.04340910912
4.30307412148
4.5357170105
4.86396718025
4.15106105804
4.23857903481
4.32387900352
4.2826089859
4.46326303482
4.17569684982
4.15299797058
4.19519114494
4.2834789753
4.56137013435
4.24247217178
4.28219604492
4.20215511322
4.09524893761
4.38709282875
4.37367200851
4.11306810379
4.24286103249
4.03100204468
4.32613778114
4.45559692383
4.13822698593
4.19116401672
4.28881502151
4.24089598656
4.49771714211
4.15560698509
4.17632699013
4.15885591507
4.11164307594
4.41070890427
4.25639081001
4.15419006348
4.79947209358
4.02415800095
4.32688808441
4.46207809448
4.19613194466
4.26306080818
4.2207069397
4.32581615448
4.54123401642
4.06764006615
4.21501207352
4.02721118927
4.30446600914
4.51912999153
4.11693310738
4.17431306839
4.11742997169
4.39812397957
4.37111997604
5.42354798317
4.08663702011
5.59722304344
4.0656709671
4.30959701538
4.52216911316
4.21919608116
4.08950996399
5.33579492569
4.02720308304
4.32790613174
4.51910400391
4.11191678047
4.16174602509
4.02333283424
4.35000085831
4.56768703461
4.17033886909
4.28383779526
4.04272985458
4.33054614067
4.5005710125
4.24685788155
5.80835103989
4.23302698135
5.05134797096
4.1199901104
4.43383908272
4.3258459568
4.0903301239
5.14737892151
4.10888814926
4.2397608757
4.43367886543
4.49973201752
4.10988306999
4.20581293106
4.24039387703
4.56200408936
4.17541980743
4.17432308197
4.30439805984
4.1539080143
4.37472820282
4.36682200432
4.15763378143
4.58751606941
4.04926896095
4.36983394623
4.4997189045
5.37756800652
4.15191793442
5.55524206161
4.11577892303
4.29171204567
4.5209069252
4.1130168438
4.17516994476
5.67925000191
4.13255095482
4.32568001747
4.48474097252
4.37090706825
4.13840293884
4.35935020447
4.13822293282
4.3527200222
4.38995099068
4.17439198494
4.2567691803
4.04879212379
4.28310990334
4.4992787838
4.06017994881
4.26554584503
4.04454994202
4.32354092598
4.45483899117
4.13444495201
4.24380493164
4.32483196259
4.22733998299
4.48505711555
4.10937905312
4.36392784119
4.04352092743
4.30163812637
4.49473404884
4.28105688095
4.17160606384
4.53853106499
4.09473395348
4.30526399612
4.36987996101
4.17459082603
4.26333713531
4.07681894302
4.27808904648
4.45567893982
4.10990095139
4.33226799965
4.84601688385
4.10768914223
4.3960249424
4.30503702164
4.15304803848
4.24748897552
4.38960599899
4.30437898636
4.54060983658
4.91486406326
4.1322851181
5.57121896744
4.15726995468
4.22100090981
4.39739203453
4.44955801964
4.15160489082
4.28011202812
4.12662696838
4.34632515907
4.54196500778
4.1847589016
4.54281616211
4.24019193649
4.18098497391
4.4644382
4.3533680439
4.27018499374
5.37956595421
4.58165979385
4.02310490608
4.30332589149
4.53942584991
4.15468907356
4.1915678978
4.08659410477
4.34776902199
4.58352899551
5.12283706665
4.19878220558
4.2807469368
4.1574511528
4.35075211525
4.36736893654
4.12951183319
4.21401810646
4.23696804047
4.43048810959
4.43131899834
4.11143612862
4.26248002052
4.07170605659
4.38992500305
4.37340688705
4.24463295937
4.30406093597
4.02696084976
4.32507801056
4.47318911552
4.1753821373
4.32679200172
4.06398797035
4.28961896896
4.48335886002
4.11123085022
4.15418386459
5.50854206085
4.0927298069
4.30437397957
4.49698805809
4.11285495758
4.13519597054
4.0065510273
4.32616686821
4.54085803032
4.11021113396
4.17640781403
4.08749389648
4.31426095963
4.52481985092
4.20195102692
4.16115283966
4.2201590538
4.11272001266
4.38777208328
4.28960800171
4.11066293716
4.18272900581
4.2691411972
4.47143602371
4.22053313255
4.16375112534
4.19885277748
4.17585086823
4.4998049736
4.21386790276
4.11387085915
4.96845793724
4.00150609016
4.341837883
4.51684498787
4.12337207794
4.19463706017
5.37819504738
3.99979805946
4.28630280495
4.52118301392
4.32813286781
4.92762207985
4.22197914124
4.05328702927
4.39607286453
4.41327095032
4.09423589706
5.42030501366
4.41740703583
4.10667705536
4.3483748436
4.41081500053
4.1596159935
5.28769397736
4.60311198235
4.11562204361
4.4127600193
4.35276007652
4.22723913193
4.28254699707
5.53866100311
4.06634688377
4.41113090515
4.32344698906
4.14290690422
4.44500398636
5.40840578079
4.16837906837
4.44178795815
4.23026108742
5.55528998375
4.14222502708
5.30063796043
4.06286883354
4.35740995407
4.50967693329
4.14388489723
4.33704710007
5.70706009865
4.69849491119
4.08251094818
4.42200899124
4.33630204201
4.27093315125
4.3133430481
4.27247095108
4.27237415314
4.45942592621
4.23666000366
4.21327114105
4.27845406532
4.08340191841
4.31298112869
4.44267582893

